24.28 1.43 87.789
26.135 1.292 84.506
29.808 2.224 84.709
30.047 4.047 81.395
32.952 6.535 81.158
32.408 10.172 80.281
34.993 9.983 77.449
37.744 7.78 76.142
40.319 9.85 78.021
38.702 9.503 81.474
37.997 5.742 81.901
37.201 6.198 85.567
34.825 9.17 85.378
31.357 7.721 84.922
28.219 9.301 83.498
25.694 9.867 86.29
22.267 9.606 84.74
21.151 7.944 88.03
21.956 11.226 89.741
20.208 13.222 87.046
17.021 11.066 87.382
17.066 11.325 91.107
17.332 15.091 90.999
14.655 15.526 88.245
12.354 13.531 90.405
12.932 15.589 93.58
12.234 18.79 91.582
9.128 17.617 89.654
7.553 16.535 92.99
8.078 20.129 94.081
6.847 21.867 90.917
4.077 19.454 89.824
4.161 20.54 86.225
5.825 19.325 82.977
9.483 20.321 82.641
11.124 21.384 79.36
14.277 19.464 78.31
16.576 22.341 79.424
14.818 22.332 82.814
15.363 18.608 83.219
19.135 18.811 82.539
19.686 22.077 84.386
17.493 21.293 87.471
18.879 17.738 87.317
22.328 19.241 88.065
21.259 21.294 91.117
23.464 21.243 94.134
20.422 21.149 96.414
17.283 20.086 94.463
15.144 19.909 97.592
15.686 23.501 98.721
16.646 25.489 95.638
14.132 28.285 94.749
13.255 27.82 91.112
11.565 30.701 89.218
12.381 31.239 85.522
14.158 34.508 84.964
14.351 35.281 88.738
16.324 32.994 91.037
20.03 32.101 90.895
20.559 28.349 90.696
23.536 26.684 92.317
24.636 24.034 89.886
27.271 21.342 89.658
28.72 21.093 86.086
30.165 17.776 84.904
33.224 19.267 83.138
35.095 22.416 82.133
36.648 23.145 78.684
38.982 26.14 77.993
40.551 27.399 74.747
44.039 28.968 74.861
43.09 32.646 74.444
40.938 32.531 77.634
42.695 29.647 79.422
45.735 31.751 80.274
43.847 34.181 82.5
41.531 31.425 83.884
44.65 29.485 84.956
46.448 32.61 86.331
43.387 33.164 88.564
43.402 29.444 89.484
47.097 29.749 90.364
46.223 32.707 92.724
43.57 30.537 94.52
46.4 28.304 95.673
44.255 25.153 95.172
46.346 22.066 94.181
44.238 20.295 91.556
41.028 20.814 89.525
37.904 19.227 91.013
36.096 18.136 87.746
37.349 16.852 84.265
38.863 19.963 82.548
40.622 20.435 79.161
42.658 23.145 77.436
42.397 23.435 73.601
45.089 25.34 71.687
43.127 26.75 68.77
43.059 30.558 68.943
46.69 31.605 68.495
47.527 30.129 65.058
47.648 32.871 62.422
46.605 32.084 58.878
49.217 33.128 56.375
50.888 30.328 54.365
48.294 27.554 54.988
48.127 24.336 57.006
51.398 22.766 58.226
53.503 25.832 57.592
51.235 28.027 59.754
51.177 25.433 62.512
54.994 25.167 62.65
55.3 28.957 62.763
52.626 29.277 65.511
54.465 26.729 67.653
57.677 28.756 67.412
56.03 32.168 67.93
53.741 31.039 70.782
56.16 28.66 72.518
56.073 30.608 75.826
52.34 30.406 76.022
51.852 26.776 74.83
54.528 25.869 77.354
52.751 27.697 80.168
49.434 26.01 79.404
50.89 22.505 79.028
52.806 22.829 82.315
49.931 24.345 84.236
47.771 21.542 82.736
50.157 18.8 83.933
50.462 20.363 87.403
46.713 20.915 88.099
45.445 17.827 86.313
43.919 19.418 83.178
43.992 17.501 79.844
45.803 19.356 77.057
44.957 19.235 73.36
48.038 20.396 71.479
48.153 23.151 68.757
46.884 21.555 65.556
44.319 19.318 67.418
41.277 21.36 66.331
38.83 24.082 67.338
37.554 23.617 70.903
33.902 22.964 70.033
34.526 20.342 67.325
36.87 18.428 69.714
34.168 18.638 72.378
31.375 17.339 70.08
33.644 14.558 68.921
34.912 13.47 72.317
33.206 15.039 75.29
29.625 16.145 74.72
26.904 13.595 75.407
23.097 13.798 76.074
22.331 15.273 79.536
25.862 16.698 80.232
26.132 20.112 81.909
29.407 21.506 80.558
30.807 25.074 80.928
33.449 26.447 78.579
35.371 29.733 78.539
34.083 30.635 75.076
30.67 32.034 74.083
30.161 29.306 71.369
30.267 26.394 73.931
26.413 25.999 73.118
27.65 24.053 70.052
27.457 20.914 72.302
23.624 21.336 72.446
23.69 19.449 69.131
24.378 16.275 71.178
21.614 16.982 73.74
23.709 18.508 76.515
23.472 21.916 78.246
26.754 23.637 77.343
27.181 27.188 78.569
29.603 29.96 77.816
31.298 31.568 80.896
34.201 33.905 81.803
37.472 32.45 83.215
36.498 33.258 86.856
33.338 31.102 86.581
35.463 28.219 85.311
37.704 28.727 88.405
34.643 28.236 90.723
33.909 24.893 89.182
37.548 23.758 88.973
37.837 24.825 92.607
34.747 22.721 93.55
32.466 25.508 94.66
28.839 25.635 93.286
28.443 27.582 90.003
25.539 30.105 89.94
23.298 30.824 86.987
20.174 32.95 86.787
17.355 30.522 86.136
16.644 30.763 82.391
13.462 31.513 80.516
12.876 28.93 77.717
12.142 29.893 74.14
10.81 26.951 72.119
11.397 26.764 68.4
9.224 24.158 66.742
10.656 22.844 63.508
8.265 21.449 60.972
8.866 19.937 57.489
12.314 19.011 56.297
15.317 20.689 54.758
15.602 20.374 50.984
18.149 21.301 48.35
20.327 24.249 49.039
18.788 24.925 52.492
21.094 23.773 55.245
21.038 23.734 59.091
22.83 27.132 59.121
19.771 28.829 57.474
17.619 27.842 60.45
19.707 29.866 62.932
20.324 32.737 60.345
16.5 33.02 60.141
16.0 32.709 63.923
18.671 35.513 64.512
16.847 37.802 62.028
13.576 37.067 63.925
14.755 37.366 67.541
17.499 39.96 66.879
20.895 39.96 68.76
19.221 40.804 72.026
16.083 38.581 71.775
17.556 35.488 73.458
19.005 37.249 76.525
18.421 35.217 79.718
16.72 32.309 77.886
17.706 28.805 76.686
16.463 28.045 73.111
14.923 24.559 72.916
14.389 23.069 69.496
11.605 20.495 69.143
9.044 19.265 66.571
8.888 16.69 63.729
11.42 18.637 61.637
14.219 17.828 64.124
14.779 14.304 62.7
15.489 15.942 59.357
18.759 17.512 60.727
22.161 15.729 61.135
23.845 15.811 64.561
26.515 18.319 63.334
23.703 20.245 61.742
22.053 20.51 65.175
25.379 21.639 66.657
25.583 24.44 63.965
22.13 25.753 65.005
22.912 25.597 68.754
26.346 27.25 68.144
25.083 30.458 66.602
22.32 30.945 69.195
25.182 32.785 70.94
24.496 35.681 68.541
20.994 36.331 69.946
22.437 36.39 73.515
20.808 33.121 74.603
22.203 31.334 77.663
22.527 28.184 75.42
20.433 26.072 72.994
19.588 22.321 73.041
18.028 19.578 70.89
16.292 16.39 72.339
18.104 13.087 72.217
17.142 11.28 69.038
18.347 8.714 66.546
20.624 11.185 64.623
22.574 11.773 67.858
22.718 8.056 68.562
24.208 7.483 65.137
26.807 10.219 65.668
27.824 8.77 69.124
28.266 5.326 67.62
30.363 6.604 64.707
32.597 8.481 67.199
33.418 5.386 69.299
30.708 6.008 71.925
28.072 3.322 71.234
28.005 2.467 75.013
27.033 6.069 75.83
24.236 5.957 73.183
23.029 2.657 74.682
22.95 4.153 78.2
21.16 7.268 76.908
18.551 4.9 75.311
17.875 3.513 78.797
17.5 7.036 80.268
15.763 8.493 77.218
12.734 9.803 79.113
14.93 12.258 80.965
16.636 13.363 77.696
13.548 14.616 75.826
11.027 17.313 77.01
7.935 16.417 79.022
4.707 16.268 77.185
2.942 19.563 77.432
5.887 21.592 78.856
5.49 25.456 78.748
7.782 27.659 76.663
7.875 31.414 77.52
7.939 32.148 73.809
7.257 29.786 70.891
8.485 30.32 67.345
7.685 27.853 64.534
9.837 27.342 61.477
8.747 25.249 58.552
11.946 23.79 57.203
10.292 22.956 53.869
9.699 26.638 53.054
13.084 27.88 54.359
15.412 29.228 51.685
19.19 29.992 51.832
20.083 33.138 53.871
23.131 35.342 54.224
23.432 37.704 57.184
25.285 40.981 57.732
27.221 43.175 57.047
28.085 44.31 60.645
25.619 42.412 62.862
24.69 38.72 62.485
20.864 39.441 62.767
20.553 41.514 59.579
19.182 38.582 57.57
18.655 38.508 53.776
17.639 35.583 51.514
20.588 34.829 49.197
18.149 35.575 46.362
17.909 39.24 47.467
21.306 40.133 48.951
22.595 41.1 45.442
19.958 43.837 45.214
20.112 45.07 48.823
23.909 45.379 48.52
23.506 47.446 45.359
21.023 49.715 47.075
23.061 50.091 50.315
26.468 50.605 48.734
27.935 47.396 50.135
30.771 46.132 47.797
29.344 43.529 45.444
32.603 41.823 44.557
33.718 39.217 46.98
37.389 39.291 47.672
37.606 36.187 49.93
35.197 33.302 50.704
36.064 31.499 53.96
34.583 28.146 55.097
35.014 26.446 58.415
35.2 27.694 61.957
33.414 25.712 64.733
30.077 26.703 63.275
30.528 24.941 59.964
33.509 22.701 59.72
31.921 19.261 59.922
32.443 16.296 57.592
28.965 16.968 56.099
29.78 20.691 55.61
33.022 19.822 53.85
31.244 17.236 51.63
28.475 19.697 50.716
31.088 22.369 49.776
33.087 19.702 47.81
29.88 18.808 45.974
29.473 22.416 44.718
33.145 22.655 43.836
33.279 19.356 41.815
30.527 20.731 39.548
32.524 23.875 38.844
35.631 21.811 38.181
33.635 19.612 35.746
33.071 22.831 33.685
36.706 23.972 33.928
36.107 26.763 36.431
37.999 27.651 39.623
37.141 30.267 42.231
37.034 33.886 41.215
37.419 34.995 44.881
40.222 33.867 47.115
38.946 30.753 49.035
40.133 29.375 52.429
39.058 26.127 54.231
39.441 25.552 57.971
38.873 21.866 59.11
37.38 21.807 62.614
39.696 19.089 64.021
42.486 16.728 63.049
39.997 13.864 62.665
37.929 15.873 60.139
41.142 16.986 58.285
42.451 13.361 58.109
39.015 12.041 57.011
38.203 14.67 54.332
41.72 14.171 53.061
41.089 10.427 52.902
37.635 10.646 51.327
38.793 13.058 48.665
37.043 16.308 49.661
40.214 18.247 50.52
41.696 17.66 47.043
38.476 18.893 45.269
38.614 22.044 47.381
42.31 22.501 46.549
41.619 21.984 42.824
38.906 24.772 42.673
41.515 27.202 44.118
41.221 26.78 47.923
43.905 26.972 50.573
43.499 24.588 53.55
44.403 26.409 56.76
45.398 24.82 60.081
42.641 23.281 62.367
42.24 26.564 64.303
40.091 29.717 64.543
42.445 31.699 62.339
40.495 34.317 60.309
37.488 33.912 62.588
39.123 35.88 65.566
41.299 38.049 63.199
44.395 35.719 63.206
44.941 36.305 59.55
47.865 38.061 57.849
45.582 39.6 55.218
47.447 41.633 52.581
45.118 41.961 49.591
43.346 45.189 50.77
44.772 48.276 52.564
43.364 49.215 55.98
40.295 51.416 55.534
39.628 49.921 52.051
35.966 49.094 51.574
35.529 45.432 50.522
33.311 42.305 50.986
34.19 38.858 52.346
31.625 36.036 52.857
32.156 33.382 55.547
30.474 30.301 57.006
31.344 31.753 60.483
28.928 33.367 62.996
29.888 36.928 64.153
30.718 39.637 61.696
31.38 42.604 63.945
33.497 45.628 62.848
37.12 44.845 62.138
36.966 41.331 63.722
38.372 39.249 60.821
41.133 41.539 59.569
41.074 44.638 61.796
39.774 46.687 58.846
36.55 48.52 59.892
35.501 48.797 56.27
35.489 45.014 55.576
31.826 44.058 55.0
31.543 40.438 56.271
28.468 38.312 55.534
27.854 34.899 57.236
26.13 32.056 55.383
26.372 28.203 54.881
29.64 26.619 53.5
27.979 25.458 50.244
26.666 28.99 49.597
30.207 30.47 50.334
31.605 27.967 47.818
29.001 28.856 45.169
29.511 32.619 45.665
33.36 32.215 45.695
33.138 30.563 42.278
30.929 33.424 40.951
32.901 36.075 42.828
29.922 38.366 43.329
27.008 38.771 45.718
24.883 39.267 42.598
24.679 35.495 42.036
21.898 33.285 43.297
23.041 29.578 43.085
19.458 28.414 42.889
18.554 30.417 39.747
21.581 31.725 37.879
23.933 30.4 35.308
27.714 30.181 35.143
29.566 29.864 31.799
31.985 26.934 31.583
35.315 26.803 29.876
33.669 25.251 26.819
31.303 28.226 26.429
28.147 26.458 27.797
25.941 28.062 30.443
25.252 25.675 33.307
23.507 25.695 36.62
24.703 24.385 39.952
22.883 21.293 41.246
22.007 21.501 44.925
24.74 19.759 46.888
24.171 16.38 48.492
26.744 14.478 50.537
27.046 11.944 53.352
26.494 13.314 56.843
29.142 10.974 58.283
31.933 8.837 56.693
30.799 5.468 55.415
34.028 4.05 56.666
35.155 5.074 60.128
36.625 8.454 60.89
40.401 8.559 60.528
41.661 10.093 63.813
44.747 11.734 62.253
47.88 12.426 64.369
48.135 12.059 68.194
47.362 15.45 69.814
45.986 14.856 73.313
48.288 15.026 76.306
46.884 13.405 79.477
48.025 14.881 82.866
50.494 12.739 84.922
48.21 11.902 87.84
51.047 10.513 89.557
54.012 12.968 89.341
52.436 16.584 89.066
55.805 18.02 90.269
55.652 20.704 87.541
56.764 24.192 88.529
54.833 26.63 86.374
57.331 29.409 85.402
56.202 32.862 84.453
59.265 35.088 83.831
58.922 38.448 85.63
60.035 40.216 82.43
57.542 38.415 80.147
55.567 40.528 77.835
53.008 37.719 77.351
52.384 36.363 80.833
52.117 38.094 84.219
50.985 36.786 87.619
48.084 38.648 89.088
48.228 41.056 92.012
44.83 41.081 93.902
42.452 43.997 93.409
41.67 46.248 96.361
38.886 45.456 98.847
35.973 47.943 98.895
36.835 50.88 101.324
33.363 50.906 102.898
32.439 54.226 101.325
30.074 55.448 98.673
31.558 56.358 95.324
31.533 60.141 95.037
32.464 62.537 92.241
33.2 59.919 89.744
34.53 61.108 86.452
32.911 59.736 83.268
35.746 58.166 81.22
33.391 57.782 78.19
29.659 57.842 77.439
29.312 55.318 74.638
26.832 55.599 71.882
25.114 52.58 70.325
26.463 49.064 69.97
29.314 48.248 72.263
30.402 44.625 71.885
33.31 43.037 73.933
35.359 43.286 70.643
34.837 47.09 71.063
35.836 46.977 74.744
38.787 44.608 74.33
39.715 43.806 70.757
41.111 40.504 69.672
43.306 39.987 66.491
46.813 41.341 67.445
45.901 41.835 71.097
45.62 38.003 71.565
49.376 38.06 72.161
48.767 39.724 75.505
45.849 37.57 76.794
47.941 36.351 79.777
49.361 39.873 80.494
46.85 42.201 82.151
48.824 45.449 81.997
49.793 45.022 78.377
46.351 44.12 77.056
44.748 47.023 79.016
46.261 49.299 76.287
43.281 48.36 74.055
40.614 49.38 76.601
37.564 50.651 74.794
39.488 51.77 71.7
36.624 50.648 69.447
33.75 52.326 71.318
32.095 55.419 69.777
32.193 58.493 72.037
28.87 60.362 71.971
30.769 63.704 72.47
32.463 63.651 69.092
31.302 60.457 67.331
34.893 59.106 67.34
36.493 55.876 68.342
39.412 56.208 70.78
39.171 60.003 71.325
38.004 61.264 74.717
38.514 64.538 76.492
40.964 64.361 79.415
39.065 66.41 82.096
42.275 67.814 83.602
44.39 68.67 80.514
41.495 69.368 78.133
43.22 67.497 75.423
41.346 64.784 73.464
43.29 61.504 73.36
43.249 57.681 73.512
40.903 56.057 75.99
43.616 53.711 77.581
45.929 56.672 78.153
43.209 58.836 79.658
42.183 56.026 82.06
45.823 55.514 83.087
46.153 59.31 83.649
43.034 59.302 85.869
44.281 56.284 87.805
47.753 57.941 88.291
45.993 60.957 89.739
43.413 59.096 91.858
40.416 60.055 89.707
37.874 57.161 89.904
35.858 56.71 86.761
32.756 55.266 85.213
31.601 54.174 81.725
28.05 55.116 80.622
26.677 52.733 77.966
23.597 52.117 75.896
21.624 48.862 75.176
23.019 45.356 75.294
26.455 46.503 76.501
29.07 43.772 76.367
27.376 41.833 73.537
29.444 38.983 72.082
32.518 37.181 73.193
32.816 35.973 76.788
36.428 37.281 77.235
36.713 38.391 80.884
39.504 40.851 79.805
36.683 43.327 79.02
35.973 43.383 82.77
39.53 42.913 84.131
40.887 45.813 82.035
38.511 48.583 83.375
39.127 47.31 86.952
42.885 47.443 86.495
42.801 50.983 85.018
40.823 52.388 87.897
37.189 52.02 86.807
34.503 51.564 89.362
31.107 51.142 87.689
29.539 50.695 84.23
26.047 52.163 84.016
24.018 51.127 80.94
20.517 50.652 79.62
21.136 46.856 79.604
23.937 44.28 79.675
24.613 41.075 77.858
24.669 38.203 80.371
28.225 36.968 80.348
29.807 40.461 80.516
27.558 41.496 83.413
28.64 38.419 85.346
32.34 39.031 84.515
31.961 42.645 85.787
30.573 41.503 89.154
33.291 38.834 89.326
36.057 41.472 89.112
34.58 43.765 91.76
32.945 46.364 89.435
29.389 47.564 89.698
27.276 46.795 86.569
24.165 49.018 87.048
21.262 49.725 84.714
19.081 52.824 84.566
15.759 52.32 86.306
14.435 54.641 83.586
16.549 54.231 80.376
15.678 57.825 79.363
18.042 58.981 82.137
20.892 58.106 79.783
20.049 61.439 78.157
20.373 63.373 81.424
24.052 62.538 81.783
26.553 64.543 79.751
30.304 63.611 79.503
31.171 66.604 81.73
29.048 65.479 84.727
30.363 63.951 87.915
28.384 61.165 89.519
27.906 60.005 93.066
26.624 56.431 93.644
25.119 56.247 97.111
23.782 53.493 99.304
26.601 50.963 98.962
26.49 50.607 102.739
23.043 49.005 102.662
23.604 47.338 99.282
20.886 44.674 98.971
19.305 42.273 96.429
16.353 44.048 94.859
17.047 47.511 96.394
18.028 50.192 93.756
21.095 52.49 94.317
20.766 56.282 94.051
22.92 58.175 91.6
23.316 61.992 92.043
24.233 63.582 88.659
26.323 66.725 89.513
26.13 69.185 86.648
29.011 71.771 86.354
26.715 74.774 86.563
25.801 73.597 90.111
22.545 71.697 89.269
22.144 68.173 90.669
19.552 65.514 89.655
18.963 62.194 91.522
18.163 59.025 89.506
17.856 55.335 90.532
19.969 52.511 89.28
18.995 48.867 89.399
21.345 45.938 89.779
20.91 42.074 89.754
23.241 41.292 92.698
22.228 38.523 95.145
24.076 38.241 98.52
26.781 35.935 97.092
27.634 38.56 94.526
27.583 41.498 97.032
30.282 39.586 98.905
32.429 39.591 95.668
32.034 43.373 95.477
32.856 43.967 99.204
35.961 41.707 98.952
37.29 43.44 95.799
36.645 40.446 93.485
35.214 36.892 93.633
38.74 35.465 93.746
39.516 37.675 96.85
36.322 36.361 98.545
37.317 32.732 97.724
40.7 33.375 99.19
39.135 34.846 102.379
37.162 31.557 102.808
40.455 29.621 102.839
40.745 30.633 106.583
43.381 33.264 105.982
