108.894 -19.343 48.897
106.141 -15.006 51.141
103.291 -10.127 50.696
100.354 -6.321 47.696
97.367 -4.797 43.126
94.393 -6.048 38.469
91.479 -9.676 35.233
88.662 -14.534 34.48
85.797 -18.202 35.519
88.239 -13.924 30.96
93.062 -18.038 27.219
87.583 -23.409 24.033
84.115 -25.709 25.593
83.905 -25.488 19.575
82.588 -22.99 12.357
88.292 -24.548 5.028
89.836 -19.364 3.338
93.534 -15.074 3.149
98.742 -12.943 3.814
104.345 -13.557 4.414
109.094 -16.63 4.045
112.016 -21.086 2.118
112.715 -25.423 -1.459
111.506 -28.168 -6.268
109.305 -28.355 -11.487
105.381 -25.461 -16.483
97.979 -20.65 -13.482
90.68 -16.342 -10.812
81.727 -16.699 -8.461
76.612 -16.456 -10.888
72.884 -14.097 -14.446
71.608 -10.723 -18.818
73.382 -8.139 -23.233
71.666 -15.817 -21.861
76.205 -17.493 -27.723
76.052 -12.272 -29.924
78.133 -9.121 -33.26
79.711 -6.452 -38.005
81.592 -6.473 -43.349
82.601 -9.095 -48.273
81.84 -13.396 -51.883
78.968 -17.929 -53.706
74.32 -21.171 -53.839
68.739 -21.312 -52.709
64.516 -17.652 -51.764
61.194 -14.567 -50.919
62.498 -23.819 -49.697
64.508 -32.009 -49.331
65.57 -39.585 -50.671
72.387 -40.972 -49.64
76.121 -42.435 -53.051
83.372 -37.343 -50.653
92.675 -37.905 -53.875
101.292 -38.519 -57.753
105.436 -34.669 -57.409
109.504 -31.957 -54.542
113.737 -30.818 -50.349
116.098 -29.069 -45.504
119.249 -29.968 -40.879
122.641 -34.089 -36.047
124.82 -38.275 -26.787
120.837 -34.812 -25.146
119.081 -35.497 -29.846
120.749 -37.606 -35.377
123.808 -41.799 -41.309
120.851 -46.633 -41.328
116.125 -50.62 -40.761
116.593 -47.098 -45.796
113.393 -46.348 -41.178
109.57 -43.434 -38.175
105.397 -39.587 -38.234
99.072 -40.735 -37.124
96.789 -37.093 -41.586
101.107 -41.164 -43.884
99.331 -44.784 -46.736
91.335 -44.56 -38.595
90.078 -48.964 -35.255
91.149 -54.141 -33.212
94.619 -58.534 -32.323
99.792 -60.836 -32.084
105.433 -60.408 -31.782
110.165 -57.471 -30.726
113.886 -54.291 -28.907
115.795 -49.276 -27.829
115.094 -48.279 -35.974
115.081 -43.203 -33.456
115.106 -39.928 -28.829
115.982 -40.479 -25.109
119.479 -44.818 -24.077
124.704 -47.925 -25.935
127.314 -45.761 -22.895
122.573 -45.927 -17.094
116.009 -47.05 -13.744
112.449 -48.974 -17.604
110.736 -55.61 -21.102
105.995 -52.508 -20.982
102.142 -49.185 -23.48
99.239 -47.373 -26.163
97.002 -54.139 -32.679
94.482 -48.673 -36.238
95.352 -42.521 -34.985
93.515 -46.221 -29.985
94.806 -50.792 -28.389
98.519 -43.749 -31.582
101.603 -43.397 -36.321
103.907 -45.703 -40.958
104.291 -49.849 -44.802
102.223 -54.427 -47.425
97.95 -57.897 -48.782
92.425 -59.069 -49.227
86.661 -56.525 -47.943
89.935 -49.291 -46.588
96.728 -45.857 -43.67
100.868 -39.503 -40.642
99.607 -33.983 -40.374
97.867 -29.144 -42.749
95.437 -26.875 -47.385
93.637 -34.944 -45.48
89.707 -42.084 -42.75
92.12 -46.686 -36.688
86.73 -49.135 -30.529
85.256 -49.476 -25.069
84.461 -52.419 -20.292
85.336 -56.032 -16.923
91.457 -53.073 -21.098
88.58 -54.088 -28.027
88.824 -61.369 -26.804
85.484 -66.178 -31.881
80.028 -65.879 -30.384
75.233 -62.973 -29.556
71.302 -60.062 -29.607
69.136 -57.149 -33.96
69.269 -55.394 -39.347
71.172 -55.774 -44.673
73.75 -58.589 -48.862
75.696 -63.369 -51.198
75.904 -69.023 -51.555
74.516 -73.537 -51.471
67.847 -70.665 -50.02
65.512 -67.489 -47.844
67.644 -65.901 -41.894
67.963 -67.562 -35.447
73.242 -69.314 -34.363
78.86 -68.926 -35.013
83.518 -66.105 -36.578
86.227 -61.318 -37.942
86.618 -55.666 -38.059
85.054 -50.519 -36.278
82.123 -45.579 -35.171
84.675 -47.119 -43.281
80.426 -47.304 -48.659
78.004 -46.806 -53.756
78.039 -47.469 -59.384
80.117 -49.786 -64.121
83.161 -53.722 -66.828
85.797 -58.737 -67.012
86.78 -63.937 -64.978
84.777 -68.379 -61.393
80.31 -69.907 -58.257
75.89 -71.036 -56.596
78.406 -72.175 -61.396
80.816 -70.548 -65.113
82.039 -65.991 -68.4
79.543 -60.86 -69.629
76.448 -56.873 -67.729
74.005 -54.276 -64.625
75.139 -53.319 -59.153
76.238 -53.732 -53.058
78.291 -56.936 -50.705
83.73 -57.347 -49.165
89.257 -56.52 -50.104
93.53 -54.017 -52.861
95.602 -49.927 -56.192
95.226 -44.848 -58.676
92.932 -39.69 -59.161
89.859 -35.384 -57.125
85.7 -32.308 -52.553
86.761 -30.974 -56.202
91.973 -29.299 -59.503
88.338 -25.795 -65.017
88.105 -21.668 -72.106
85.674 -20.211 -79.586
85.295 -19.359 -86.859
83.901 -17.385 -94.943
84.927 -12.736 -91.869
83.776 -9.262 -87.539
81.286 -8.134 -82.576
78.713 -9.768 -77.799
76.987 -11.729 -73.614
85.033 -12.616 -72.811
78.966 -14.374 -75.589
78.314 -19.022 -72.413
80.093 -24.055 -70.509
83.874 -28.243 -69.153
88.516 -31.485 -68.928
92.72 -33.541 -68.256
92.132 -26.944 -67.265
91.393 -21.74 -66.087
94.392 -17.789 -71.149
96.102 -16.191 -74.686
96.172 -19.672 -79.155
94.487 -25.276 -82.987
91.67 -23.793 -79.791
91.289 -22.274 -84.517
87.581 -26.276 -86.056
82.289 -28.214 -86.64
78.197 -28.34 -87.336
77.372 -25.159 -87.077
72.124 -23.021 -86.95
68.46 -18.753 -87.621
67.068 -13.642 -89.64
67.925 -9.247 -93.115
70.51 -4.483 -95.477
66.753 -1.953 -88.116
68.186 -5.009 -80.159
74.457 -2.146 -83.586
74.05 -6.115 -78.873
73.59 -9.342 -77.763
70.534 -4.37 -82.293
67.944 -3.763 -75.259
69.365 -1.243 -68.492
72.716 5.316 -66.675
74.897 7.213 -63.275
81.472 7.777 -60.914
79.694 8.542 -55.588
78.131 8.852 -50.976
80.512 3.92 -53.406
81.542 -0.259 -56.109
80.439 -4.998 -58.594
75.442 -8.867 -57.459
70.495 -6.101 -57.518
66.675 -3.599 -57.939
66.388 -7.851 -57.965
67.957 -3.8 -62.222
64.358 -0.212 -63.691
61.733 4.421 -65.633
61.607 9.136 -68.778
63.638 12.424 -72.923
66.791 13.223 -77.563
68.829 10.925 -80.784
62.534 11.371 -84.914
65.545 8.766 -87.646
67.001 2.072 -90.098
72.011 -0.035 -94.076
66.599 -5.264 -94.334
61.507 -5.0 -96.812
57.841 -4.037 -99.634
63.467 -1.662 -100.309
68.457 -0.079 -100.395
71.188 5.032 -98.215
69.431 10.589 -97.102
64.49 12.65 -94.719
60.493 11.343 -90.92
58.531 8.523 -86.534
64.675 4.544 -85.314
72.097 4.024 -83.182
70.922 -0.487 -77.592
73.605 -2.6 -72.28
77.641 1.218 -71.167
79.378 6.148 -68.969
78.65 10.633 -65.585
76.07 13.269 -61.281
72.748 15.935 -57.672
70.471 23.445 -55.917
73.759 31.595 -57.965
73.161 31.865 -63.593
70.199 33.195 -68.237
65.978 35.934 -70.851
60.192 37.755 -72.347
56.582 31.189 -69.091
56.911 23.539 -66.096
56.933 22.246 -71.614
59.467 20.187 -76.245
63.546 17.178 -78.779
68.024 15.075 -81.005
65.826 9.602 -79.884
68.03 5.202 -72.357
72.676 0.486 -69.763
77.097 0.396 -67.451
83.438 4.736 -64.088
84.41 9.71 -58.63
85.835 14.706 -56.372
86.082 18.324 -52.018
85.822 19.49 -46.479
85.887 17.905 -41.039
87.011 14.142 -36.951
89.595 9.471 -35.044
93.566 5.449 -35.448
98.417 3.422 -37.563
103.363 4.109 -40.244
107.587 7.364 -42.165
110.498 12.224 -42.245
111.927 17.225 -39.987
111.604 22.894 -37.614
114.409 22.775 -38.308
116.431 24.046 -33.168
117.704 22.656 -27.826
117.684 18.025 -22.975
114.881 9.963 -25.012
112.896 2.515 -24.486
116.192 -4.671 -25.018
114.228 -5.61 -30.249
114.405 -8.292 -35.238
116.122 -12.554 -38.553
118.294 -17.74 -39.288
119.684 -22.886 -37.367
119.602 -27.184 -34.905
117.143 -23.56 -30.86
114.246 -18.351 -30.792
114.254 -14.279 -26.959
117.061 -14.636 -21.56
122.67 -15.34 -21.973
127.549 -14.938 -24.826
130.7 -12.865 -29.057
131.66 -9.094 -33.175
130.677 -4.13 -35.722
130.012 -0.362 -36.509
131.857 3.884 -33.243
133.756 6.758 -30.263
134.872 12.366 -32.448
130.23 7.769 -38.547
122.699 5.863 -41.802
118.861 8.147 -40.309
124.705 10.5 -43.18
131.674 14.539 -36.286
129.807 19.709 -37.661
126.101 23.967 -37.166
120.833 26.416 -34.259
123.667 19.857 -29.367
120.902 12.714 -28.261
125.062 8.748 -25.794
124.168 1.065 -22.995
116.55 0.123 -24.509
115.605 5.054 -27.138
116.484 10.991 -29.176
113.96 11.865 -34.176
114.126 12.48 -39.807
115.595 11.848 -44.633
115.012 8.293 -38.508
107.696 5.365 -35.753
107.134 8.639 -31.889
104.085 11.84 -28.344
101.983 16.837 -26.689
99.961 21.464 -26.69
98.799 17.695 -22.037
97.989 11.987 -23.035
97.233 13.829 -30.126
95.732 17.984 -33.676
95.439 20.255 -38.859
95.695 19.847 -44.504
95.665 16.818 -49.295
94.608 12.057 -52.18
92.102 7.001 -52.717
88.193 3.184 -51.207
83.368 1.747 -48.607
78.408 3.07 -46.21
74.129 6.663 -45.252
71.144 11.314 -46.511
69.642 15.469 -50.06
68.939 17.282 -54.544
61.415 16.572 -53.754
64.564 20.735 -60.105
70.922 18.604 -62.401
73.983 22.024 -65.726
74.414 26.132 -69.609
72.244 30.456 -72.555
69.637 34.07 -75.752
74.198 33.68 -69.319
74.013 26.519 -65.433
73.393 22.112 -57.988
72.853 21.417 -50.586
78.332 21.309 -49.922
81.339 27.804 -47.131
88.294 26.344 -42.648
95.218 27.611 -39.458
89.55 27.669 -39.344
84.623 28.431 -36.653
81.56 30.435 -32.324
80.902 33.812 -27.823
82.414 38.267 -24.662
85.186 43.156 -23.935
87.898 47.701 -25.96
89.282 51.101 -30.687
89.2 48.785 -37.489
87.79 53.473 -34.428
84.98 53.139 -29.983
82.197 50.424 -27.195
78.574 45.561 -27.458
77.757 42.714 -31.478
78.808 39.998 -35.615
82.975 37.878 -39.349
88.074 37.523 -40.828
93.418 37.511 -38.937
97.246 36.895 -34.806
98.781 35.104 -29.65
97.97 31.925 -25.029
94.564 28.397 -21.907
92.617 22.726 -22.289
90.644 18.079 -24.867
89.118 13.835 -30.156
87.45 17.267 -33.986
84.711 21.688 -39.61
78.055 26.381 -38.289
81.328 33.227 -40.25
76.655 39.983 -41.318
72.723 46.137 -37.871
73.634 50.651 -41.177
71.79 55.079 -44.197
67.786 58.831 -45.611
62.908 61.536 -44.609
59.636 63.447 -41.859
63.427 64.529 -34.932
63.863 68.285 -27.768
64.898 63.274 -25.331
64.475 57.624 -25.167
63.405 52.627 -27.615
61.158 48.165 -32.66
57.475 46.971 -36.797
56.152 46.331 -42.273
57.608 45.627 -47.704
61.359 44.27 -51.729
64.712 42.617 -54.58
58.899 41.507 -49.692
60.459 37.945 -53.819
56.908 34.166 -56.108
55.881 29.454 -59.086
57.531 24.543 -61.377
61.724 19.635 -62.268
70.025 15.394 -63.352
74.862 12.19 -57.595
71.917 10.292 -52.55
73.155 1.322 -51.04
78.341 -6.105 -51.34
76.618 -6.58 -45.961
73.131 -8.658 -40.461
70.372 -11.257 -39.317
71.627 -16.412 -37.32
74.972 -20.978 -37.049
79.924 -23.596 -37.917
85.491 -23.512 -38.973
90.483 -20.845 -39.21
93.9 -16.523 -37.881
95.619 -13.231 -35.412
93.848 -15.031 -30.577
93.064 -11.266 -26.416
89.806 -7.478 -21.633
89.297 -8.694 -14.071
90.003 -1.292 -13.721
86.198 -2.551 -7.518
90.414 -4.124 -1.467
96.923 -0.092 -1.24
90.823 4.248 -2.927
90.981 2.459 -5.816
83.874 5.683 -2.635
79.119 10.723 -2.108
74.605 11.957 -6.376
82.007 10.733 -5.197
88.118 8.44 -5.206
90.878 10.715 -3.31
94.088 8.048 -3.603
99.439 4.574 -2.911
103.825 6.734 -5.778
105.94 9.513 -8.858
101.204 9.258 -11.638
95.429 4.971 -11.121
90.54 2.604 -15.83
92.516 4.159 -19.565
96.515 0.185 -20.144
102.071 -3.595 -18.932
96.232 -7.047 -23.515
92.416 -13.033 -19.278
85.468 -9.751 -17.904
88.384 -4.947 -15.67
84.997 -0.767 -13.885
80.539 1.13 -10.941
76.551 0.496 -6.966
74.56 -1.67 -2.243
83.141 -2.394 -3.485
90.085 -1.647 -7.371
96.286 -6.935 -8.83
101.404 -7.211 -15.065
107.57 -12.364 -13.5
111.701 -18.807 -14.063
119.177 -20.764 -16.653
115.222 -23.034 -13.29
113.392 -27.075 -9.759
114.313 -31.467 -6.3
115.701 -35.669 -3.148
119.169 -30.864 -5.645
118.61 -24.186 -7.354
122.872 -23.005 -9.687
126.62 -26.678 -10.841
130.293 -31.091 -14.621
127.649 -35.669 -16.661
123.12 -38.22 -18.919
118.109 -38.07 -21.56
111.889 -36.389 -23.27
112.725 -42.579 -20.887
118.54 -45.695 -15.551
117.737 -44.566 -7.603
110.814 -42.394 -8.686
111.811 -39.124 -6.975
114.083 -46.484 -7.25
115.266 -43.466 -13.891
114.755 -36.697 -14.018
111.327 -35.604 -8.822
106.3 -33.971 -4.634
105.363 -30.861 -2.219
110.928 -29.413 3.626
116.814 -27.671 3.865
119.326 -22.695 -0.703
111.686 -21.752 -1.068
107.43 -18.214 0.6
104.667 -14.036 -1.892
101.692 -13.04 -5.819
97.494 -16.845 -5.943
95.339 -21.935 -4.702
95.376 -26.79 -1.777
97.058 -29.962 2.607
99.319 -30.532 7.771
100.911 -28.42 12.782
100.791 -24.385 16.761
98.465 -19.803 19.151
94.136 -16.222 19.902
90.095 -12.953 20.295
87.188 -12.152 28.43
83.215 -9.043 35.496
83.072 -2.315 39.871
85.464 3.487 39.301
83.774 10.172 41.353
87.675 9.433 47.437
87.701 8.273 54.364
87.183 9.396 61.588
86.034 12.07 56.726
86.672 16.427 53.158
89.457 21.013 51.33
94.528 24.967 51.801
97.121 22.103 52.794
101.781 25.0 46.293
107.013 27.168 46.05
112.636 26.596 45.639
117.264 23.572 44.403
119.829 19.157 41.941
119.913 14.861 38.247
118.866 12.419 34.049
113.395 16.572 33.826
110.973 20.356 36.427
105.791 21.213 38.037
102.211 18.228 38.173
102.798 13.346 40.993
105.252 10.15 44.975
108.402 9.546 49.649
110.842 11.627 54.322
111.4 15.623 58.304
109.635 19.265 61.128
103.28 18.419 63.77
97.191 19.346 67.52
93.812 23.88 67.931
88.815 26.458 67.214
83.226 26.336 66.286
77.415 23.527 65.68
78.415 19.426 59.674
76.275 16.171 54.707
74.956 12.789 49.104
76.655 6.873 44.219
75.562 1.53 37.458
69.305 -1.15 31.822
62.671 -6.917 32.175
55.373 -5.184 27.201
47.696 -7.572 28.901
42.497 -7.266 22.826
37.969 -8.598 25.195
40.654 -11.525 23.648
42.986 -14.914 16.728
48.374 -17.021 14.534
51.635 -19.355 15.006
56.62 -22.536 11.839
62.862 -23.102 10.056
69.269 -26.047 10.395
69.123 -26.767 16.014
71.167 -28.975 20.817
75.285 -31.478 23.8
80.696 -32.99 24.539
86.213 -32.536 23.327
90.449 -30.533 22.125
89.761 -22.715 21.952
93.746 -15.575 23.709
97.051 -8.091 20.294
98.774 0.149 19.906
100.457 4.061 16.167
100.454 6.323 10.97
98.239 6.914 5.787
93.987 6.337 2.082
88.523 5.481 0.855
83.051 5.308 2.314
78.779 6.571 5.817
76.538 9.568 10.077
76.513 14.04 13.556
78.18 19.266 14.975
80.487 24.285 13.704
82.169 28.199 9.965
83.268 30.926 7.123
85.993 25.78 14.768
89.253 27.173 8.856
89.527 31.786 5.576
91.804 36.783 4.174
95.968 40.618 4.443
101.231 41.36 5.976
104.319 35.894 2.412
103.489 42.981 3.633
108.452 44.785 5.69
112.937 45.564 6.89
110.312 40.963 3.54
107.806 37.517 0.742
106.203 31.516 1.167
107.366 27.533 4.746
109.623 27.447 10.457
108.729 30.273 15.286
106.14 33.131 18.348
104.599 31.76 12.861
100.801 30.307 18.407
98.796 35.087 20.696
94.853 39.134 21.143
89.618 41.116 20.262
84.663 41.076 19.778
83.01 47.2 20.252
81.136 54.529 16.861
81.162 62.933 14.581
77.088 65.919 12.007
71.796 66.915 10.761
65.428 64.482 11.73
61.285 59.685 9.346
66.615 55.156 9.876
70.453 49.371 9.402
72.3 51.063 4.319
76.637 53.673 0.885
77.195 49.506 4.022
70.669 45.095 3.13
70.312 46.746 -2.282
71.756 46.282 -7.743
74.0 43.413 -12.085
75.252 39.983 -15.053
74.54 32.533 -14.078
79.081 27.134 -13.764
82.832 28.991 -11.816
81.898 28.681 -3.629
80.424 33.415 1.458
84.891 36.261 -0.555
87.41 41.051 -2.24
87.712 46.703 -2.498
85.918 51.427 -0.334
84.644 43.443 0.31
79.671 37.274 -0.029
77.915 28.862 -1.741
76.57 21.487 -1.223
80.204 14.272 -1.3
85.798 15.036 -0.822
90.484 15.782 2.279
93.3 15.581 7.193
93.881 13.796 12.54
92.57 10.299 16.804
90.309 5.502 18.807
88.346 0.234 18.095
87.832 -4.531 15.07
89.456 -7.977 10.872
93.234 -9.706 7.017
98.489 -9.866 4.905
104.083 -9.101 5.383
108.335 -8.353 5.788
100.342 -8.846 0.257
92.865 -7.058 -3.287
93.04 -12.722 -3.101
91.329 -19.115 -0.918
88.268 -21.603 -6.421
82.45 -21.663 -10.298
82.824 -17.377 -17.067
82.35 -18.007 -20.79
77.718 -20.307 -24.215
77.46 -25.769 -25.702
75.879 -31.129 -24.75
72.744 -35.002 -22.047
68.312 -36.475 -18.841
63.247 -35.405 -16.533
58.698 -34.013 -15.758
53.59 -34.941 -23.242
46.934 -33.578 -29.599
39.441 -33.785 -30.649
37.973 -35.077 -25.331
37.438 -33.762 -19.844
37.212 -29.995 -15.615
36.577 -24.71 -13.671
34.943 -19.319 -14.312
32.04 -15.276 -17.017
27.991 -13.597 -20.611
23.297 -14.557 -23.636
18.651 -17.583 -24.816
14.741 -21.455 -23.46
11.221 -25.893 -19.946
9.144 -30.71 -17.624
5.436 -38.658 -19.541
6.4 -42.697 -23.398
5.84 -48.001 -25.315
3.312 -53.074 -25.291
-1.394 -56.645 -23.45
-4.764 -49.015 -24.445
-11.346 -46.207 -20.189
-18.937 -43.346 -20.532
-20.755 -44.995 -25.641
-23.354 -48.697 -29.056
-26.761 -53.141 -29.926
-30.742 -56.787 -28.204
-34.893 -58.339 -24.667
-38.699 -57.778 -21.639
-40.006 -54.641 -24.52
-36.535 -51.787 -28.112
-32.705 -47.609 -28.602
-30.433 -43.769 -25.207
-29.069 -43.16 -19.751
-27.673 -45.089 -14.817
-26.193 -49.886 -12.192
-24.065 -55.139 -12.221
-21.111 -59.309 -14.668
-17.419 -61.21 -18.526
-13.309 -60.37 -22.336
-9.233 -56.882 -24.488
-9.085 -55.625 -17.558
-5.559 -53.878 -14.63
-10.051 -48.499 -13.403
-3.159 -46.683 -9.734
0.617 -50.648 -8.271
5.734 -53.047 -8.663
11.197 -52.933 -10.17
15.769 -49.656 -11.929
9.693 -47.376 -7.087
2.502 -45.423 -3.963
1.876 -42.769 3.069
7.18 -44.732 2.705
12.789 -43.945 2.534
18.417 -42.511 1.61
20.346 -38.929 4.055
23.035 -33.964 3.569
24.071 -28.661 5.281
23.83 -24.536 9.158
23.107 -22.726 14.481
16.798 -25.981 20.593
23.416 -29.011 18.316
25.538 -29.443 13.379
25.854 -34.156 12.829
22.766 -38.767 13.478
16.432 -39.367 16.281
11.942 -35.918 16.492
8.85 -31.622 14.464
7.432 -28.009 10.334
7.425 -26.4 4.903
7.522 -26.993 -0.559
9.523 -28.87 -5.516
9.805 -32.751 -9.636
10.889 -37.038 -12.664
16.546 -32.188 -7.62
22.468 -26.433 -5.88
25.202 -29.44 -8.069
26.947 -25.277 -10.767
27.213 -29.578 -14.448
27.595 -31.612 -19.725
28.763 -30.997 -25.236
31.134 -28.19 -29.553
34.752 -24.347 -31.615
39.256 -20.949 -31.089
44.012 -19.338 -28.459
48.296 -20.291 -24.871
51.545 -23.764 -21.789
53.516 -28.919 -20.503
54.482 -33.621 -18.826
60.313 -26.918 -18.153
62.317 -28.136 -23.314
63.52 -26.72 -27.882
59.681 -20.714 -24.138
52.496 -17.698 -24.869
55.27 -11.53 -28.325
52.518 -4.793 -25.197
50.943 -10.262 -21.888
45.29 -13.67 -26.364
48.889 -17.108 -28.089
47.172 -22.297 -29.588
47.399 -28.742 -28.291
55.704 -29.7 -29.004
60.845 -34.825 -29.246
66.578 -34.006 -24.234
69.421 -28.907 -24.303
69.776 -21.741 -27.038
67.622 -18.651 -21.518
68.091 -18.706 -15.871
69.955 -21.011 -11.039
73.364 -24.515 -8.177
77.977 -27.788 -7.804
83.064 -29.472 -9.65
88.069 -29.725 -11.707
86.038 -25.912 -4.637
78.657 -28.021 -4.073
74.213 -22.122 -0.752
72.8 -17.52 1.828
77.205 -15.849 -2.859
81.725 -16.013 2.086
78.997 -12.811 1.423
77.723 -10.114 6.029
81.521 -11.741 9.906
84.982 -12.09 12.874
85.601 -12.639 19.469
82.592 -11.552 27.263
79.074 -15.752 25.806
76.449 -20.657 26.875
74.709 -24.714 30.431
73.562 -26.624 35.643
72.534 -25.78 41.15
71.727 -21.672 46.262
72.735 -16.94 48.654
65.626 -16.434 50.766
61.342 -10.657 47.898
53.649 -9.263 50.625
53.649 -3.632 51.256
53.122 1.621 49.191
51.46 5.26 45.178
48.417 6.566 40.58
44.736 6.476 37.583
45.108 2.41 41.162
47.015 -3.446 44.263
46.936 -8.33 44.282
46.848 -11.375 39.936
50.354 -10.022 35.695
54.881 -7.304 33.638
59.768 -4.52 34.333
64.236 -2.987 37.464
68.091 -1.612 40.577
71.001 2.989 36.708
69.264 7.956 31.074
68.979 12.997 33.641
69.984 18.572 33.818
71.316 23.481 31.321
71.904 26.745 26.723
70.915 27.893 21.261
68.016 27.138 16.451
63.912 25.809 14.24
66.854 28.137 20.392
63.638 32.76 13.812
59.733 26.455 10.345
54.416 25.545 12.091
50.268 26.058 15.915
46.609 27.884 19.734
46.047 30.621 24.665
46.523 35.265 27.874
47.173 40.862 28.489
47.083 46.148 26.448
45.562 49.96 22.543
44.804 52.87 19.237
42.883 56.675 24.912
41.393 59.436 20.86
39.481 62.852 24.06
36.182 64.486 22.137
34.766 65.655 26.464
29.271 66.691 22.487
29.83 64.631 25.715
24.871 63.2 26.689
22.613 58.229 22.022
26.054 56.36 22.672
24.497 52.109 22.164
19.775 51.149 25.146
15.628 52.856 28.61
12.411 57.336 32.7
12.347 61.649 37.887
11.615 67.033 39.499
10.493 72.471 38.365
8.514 76.554 34.969
5.851 78.853 31.815
4.255 73.528 35.848
0.073 73.758 35.03
1.74 80.745 31.464
-0.889 81.153 26.46
-4.939 79.453 22.6
-9.346 76.716 20.323
-14.512 74.414 20.678
-19.506 73.74 23.272
-23.452 75.37 27.0
-26.418 77.926 29.705
-22.664 80.421 25.887
-18.628 81.336 22.207
-12.927 84.054 22.991
-9.85 86.377 27.423
-9.773 85.558 32.814
-10.419 81.524 36.745
-11.015 76.1 38.276
-10.668 70.547 37.202
-8.775 66.164 34.146
-7.494 62.157 29.779
-1.933 63.304 28.678
1.92 64.087 24.596
6.254 65.897 22.79
5.424 69.019 25.851
5.975 64.936 27.507
9.647 63.223 22.899
13.861 66.784 21.601
18.331 69.958 23.035
22.469 71.416 26.625
25.822 70.513 30.301
27.046 66.598 30.968
27.276 63.613 35.779
27.803 58.723 38.598
29.484 53.764 38.716
34.017 52.565 35.437
34.852 53.098 29.764
37.778 46.591 29.064
35.063 51.597 25.193
28.814 49.384 21.513
29.736 49.896 16.991
33.803 46.01 21.1
34.987 46.109 16.554
38.229 40.879 17.597
40.17 42.091 12.8
42.176 34.929 13.201
46.826 37.149 10.839
52.021 39.383 11.196
56.83 40.408 14.02
60.433 39.384 18.27
62.405 36.117 22.463
62.489 33.079 27.826
64.225 30.617 26.356
62.656 25.465 28.119
61.259 20.062 27.123
61.286 16.394 25.158
66.559 21.318 27.686
68.62 16.166 29.727
62.324 12.585 25.426
65.817 10.61 21.423
70.735 10.695 18.608
76.162 12.248 18.094
81.021 14.194 20.266
84.419 15.347 24.652
85.92 14.764 30.088
85.797 11.868 34.198
93.788 8.302 34.085
100.575 5.127 32.292
103.174 10.019 27.479
97.958 14.061 27.175
92.337 18.749 30.926
88.566 15.321 33.406
85.779 13.441 37.969
84.035 14.0 43.333
83.065 17.121 47.963
82.353 22.108 50.56
81.301 27.674 50.465
79.418 32.353 47.881
76.48 34.956 43.793
72.592 34.952 39.668
68.45 33.413 37.467
66.164 32.684 42.105
67.354 28.557 46.003
68.29 23.576 45.223
67.617 22.833 40.325
68.864 20.008 37.964
74.628 17.148 41.577
77.121 18.423 36.652
80.649 21.554 33.51
84.917 25.246 32.981
89.391 28.032 35.066
93.475 28.73 38.932
96.698 26.821 43.184
98.858 22.61 46.304
100.097 17.145 47.134
100.843 11.854 45.239
99.332 6.171 41.983
91.282 4.778 38.7
83.066 6.307 36.176
75.419 3.55 33.714
66.738 4.639 31.818
62.049 1.599 32.758
56.423 1.133 33.262
51.84 1.289 33.116
52.74 1.901 28.738
57.385 2.708 27.583
60.616 7.805 27.799
59.232 11.883 28.287
58.666 16.638 29.035
57.818 19.068 34.302
56.545 17.354 39.552
57.362 13.991 44.039
60.293 10.588 47.733
66.168 9.397 54.215
71.256 6.201 60.634
73.735 -0.011 65.445
68.871 -1.518 62.958
63.312 -2.607 63.12
58.239 -2.296 65.626
54.692 -0.207 68.452
52.324 -0.05 72.761
52.086 5.133 75.042
53.638 10.58 75.223
55.966 15.185 72.88
59.987 19.22 69.8
63.501 21.699 64.5
68.128 26.381 59.597
65.461 25.147 54.751
60.868 23.52 51.859
53.923 20.294 51.108
51.241 16.271 51.007
48.857 10.758 51.853
54.204 13.433 55.617
56.637 16.152 55.945
55.075 21.584 55.74
49.558 23.765 52.912
45.376 23.806 55.881
43.737 19.828 59.867
42.013 20.293 65.243
40.526 23.382 69.757
38.89 28.252 72.15
36.754 33.493 71.841
33.937 37.578 69.102
30.469 39.349 64.986
26.266 38.385 60.045
24.95 30.563 58.777
17.852 28.919 55.884
14.684 27.427 55.172
15.032 28.429 49.451
17.306 33.838 45.692
24.895 33.044 46.447
24.597 31.9 52.155
29.592 33.87 57.768
36.554 39.11 59.394
41.092 45.506 62.633
42.732 46.195 68.015
41.831 48.519 72.643
36.218 50.13 72.57
41.934 53.614 75.507
39.2 57.75 78.251
34.439 60.338 79.911
28.839 60.406 80.777
23.856 57.781 81.395
19.581 52.349 81.235
21.938 49.306 83.284
23.849 43.053 86.466
27.103 40.669 90.445
30.419 40.99 95.03
33.592 44.749 99.65
29.26 51.449 96.386
24.399 53.222 92.796
17.104 48.689 93.167
14.711 48.274 89.906
17.386 53.527 85.721
20.329 48.1 91.784
22.226 48.871 89.446
21.875 43.477 92.014
18.615 41.554 96.678
14.171 41.34 99.368
8.948 43.13 99.922
4.07 46.21 97.72
1.392 47.115 92.903
-3.8 46.555 95.454
-9.38 47.874 95.116
-14.386 48.901 92.298
-9.875 44.535 90.332
-9.45 47.002 84.556
-14.816 48.89 83.702
-18.705 49.286 79.467
-19.787 47.39 74.221
-18.036 43.142 69.94
-16.858 37.44 69.881
-16.906 37.178 75.381
-13.4 39.104 79.456
-9.712 44.135 79.638
-5.229 43.961 85.147
-4.822 45.588 79.771
-3.005 42.854 75.556
-2.39 45.485 70.332
-6.021 50.356 68.469
-8.617 55.257 68.867
-9.619 59.672 72.708
-7.771 62.15 78.478
-5.541 62.677 82.871
-7.037 63.959 88.748
-7.554 62.812 94.775
-7.389 60.261 99.974
-2.729 59.082 103.838
3.792 59.861 103.505
5.293 60.897 98.598
4.571 58.703 93.243
0.887 55.453 90.015
-2.079 57.245 85.979
-2.726 51.756 81.705
3.192 52.27 79.516
6.048 48.292 76.059
7.18 41.808 75.36
6.935 36.356 76.026
3.392 32.413 77.596
-1.13 30.379 76.789
-4.25 35.005 76.568
-6.208 38.658 80.912
-3.849 38.654 86.763
-0.119 37.039 91.254
5.63 37.555 91.878
10.021 39.888 90.295
12.834 45.374 88.817
13.421 50.764 87.485
11.924 56.548 87.585
11.932 58.479 92.904
13.332 58.543 98.457
16.304 56.852 102.979
20.598 54.241 105.486
25.645 53.417 104.481
31.49 56.594 100.468
29.405 56.267 96.027
30.306 58.423 90.471
35.495 56.563 89.162
38.989 52.82 86.729
39.41 48.009 83.089
33.334 44.427 81.416
33.358 44.102 74.513
29.856 45.736 70.366
27.503 49.728 67.105
27.37 54.967 64.947
29.821 59.937 63.76
32.58 63.735 62.607
36.708 62.87 64.798
42.356 63.325 64.993
46.904 61.054 63.219
40.351 55.253 60.747
35.603 48.427 61.327
38.561 46.325 68.365
33.22 42.144 67.999
29.545 39.917 74.883
31.085 33.486 73.911
32.489 29.575 72.185
30.234 32.096 65.443
29.019 29.098 57.287
27.513 24.565 50.418
31.334 22.11 43.975
37.64 20.407 39.933
35.273 19.755 45.041
34.879 20.871 50.86
33.778 25.117 48.973
30.809 24.383 51.292
30.648 24.722 58.337
34.241 22.94 58.565
37.024 26.549 55.195
40.467 30.978 54.388
44.339 34.686 56.228
48.272 36.361 59.947
51.883 35.33 64.19
54.889 31.785 67.433
57.08 25.574 69.187
55.593 18.672 68.395
56.708 13.816 65.689
60.05 10.537 62.496
63.959 8.264 57.879
58.136 3.275 57.212
62.088 2.797 61.315
66.603 4.367 64.359
69.165 5.418 69.302
69.485 4.997 74.945
68.553 2.322 79.662
66.71 -2.913 80.813
65.814 -8.319 79.362
66.736 -12.806 76.025
68.309 -17.202 70.21
73.502 -18.691 68.497
79.149 -18.312 68.78
83.922 -16.786 71.432
86.762 -15.213 76.074
87.234 -14.692 81.699
85.648 -15.997 86.98
82.968 -19.323 90.706
80.509 -24.222 92.157
79.94 -29.387 91.486
82.385 -29.445 85.34
85.39 -24.8 82.857
85.502 -24.191 77.104
80.98 -26.542 74.292
75.531 -25.601 75.539
71.44 -22.63 78.1
69.543 -17.964 80.694
69.979 -12.476 82.035
72.15 -7.3 81.237
74.905 -3.478 78.089
76.906 -1.613 73.127
77.057 -1.691 67.462
76.98 -3.979 61.048
83.032 -5.571 57.228
82.914 -6.741 50.375
78.133 -8.415 44.308
79.055 -9.495 37.023
83.109 -12.004 40.09
86.48 -16.407 41.252
88.94 -21.314 39.845
90.548 -25.171 36.018
91.635 -26.757 30.686
91.986 -25.865 23.754
89.325 -26.763 15.443
89.074 -29.658 8.181
84.968 -31.508 4.743
83.159 -34.55 0.316
83.864 -38.625 -3.56
86.499 -43.246 -5.517
91.495 -48.016 -5.48
89.719 -45.287 -0.21
87.857 -47.924 6.789
86.354 -54.456 2.562
88.675 -57.898 -1.297
93.076 -60.776 -3.41
98.245 -63.05 -2.928
101.795 -65.114 -0.734
95.519 -63.505 4.418
95.078 -60.673 1.185
88.746 -65.163 2.777
85.163 -61.414 7.966
80.138 -59.815 14.264
82.071 -62.877 18.622
85.81 -63.847 22.77
89.98 -62.167 26.22
93.064 -58.119 28.716
93.894 -52.741 30.3
92.015 -47.492 31.301
87.836 -43.782 32.24
83.986 -41.913 33.614
82.063 -47.919 32.471
84.167 -53.297 31.997
81.705 -56.927 29.899
77.979 -57.589 26.159
77.913 -53.748 21.994
80.526 -50.125 18.502
85.179 -48.123 15.965
90.588 -48.626 14.347
95.224 -51.723 13.328
97.804 -56.682 12.399
97.703 -62.179 11.017
96.156 -65.923 8.841
95.066 -58.543 10.528
98.533 -52.402 11.608
102.015 -49.941 7.876
103.199 -48.004 2.683
101.623 -46.34 -2.502
99.122 -44.558 -5.486
100.602 -44.085 2.741
98.512 -38.286 6.965
100.941 -37.089 1.985
100.832 -34.789 -3.19
98.581 -31.312 -7.06
95.264 -26.956 -8.524
92.876 -22.529 -8.47
90.148 -18.649 -7.276
85.437 -19.06 -11.423
84.179 -11.918 -11.029
84.576 -13.857 -2.886
78.515 -19.398 -5.175
74.16 -25.012 -1.499
77.641 -18.444 2.887
79.513 -23.728 9.105
81.394 -28.669 7.062
81.752 -34.325 7.224
79.951 -39.386 9.021
76.029 -42.745 11.355
70.703 -43.824 12.965
65.256 -44.137 13.603
61.224 -46.251 17.285
57.81 -46.519 15.438
54.064 -43.821 12.158
54.068 -47.701 5.497
51.185 -51.619 8.728
49.597 -54.547 13.314
56.057 -55.867 17.95
54.166 -57.068 12.745
53.375 -60.126 9.159
52.836 -68.233 7.105
51.589 -69.739 -1.104
59.131 -72.659 -4.195
59.498 -70.154 -1.492
61.957 -71.399 -7.592
66.124 -67.579 -7.982
67.982 -62.232 -8.243
67.245 -56.654 -7.548
64.452 -52.223 -5.385
60.796 -49.944 -1.704
58.016 -48.713 2.287
61.834 -49.864 2.364
66.609 -49.047 3.085
68.786 -55.084 0.127
69.277 -59.992 0.292
66.907 -65.325 0.124
63.29 -66.978 -0.782
56.446 -67.295 0.457
52.112 -65.006 -2.385
50.021 -61.865 -6.615
50.534 -59.27 -11.627
53.18 -58.445 -16.57
56.819 -60.048 -20.61
59.924 -64.544 -22.712
58.718 -69.843 -21.098
55.033 -74.013 -20.023
49.89 -76.356 -20.439
43.271 -77.08 -20.454
38.71 -71.023 -17.274
39.396 -64.243 -14.64
31.778 -60.875 -15.014
29.712 -58.517 -6.726
34.941 -60.17 -5.3
40.541 -59.329 -5.02
45.093 -55.963 -5.217
47.524 -50.846 -5.07
49.447 -45.911 -5.436
48.551 -48.909 -12.791
49.964 -54.207 -14.198
48.308 -57.644 -19.854
49.558 -63.492 -25.816
49.053 -69.728 -30.671
53.545 -71.174 -27.532
57.267 -74.992 -25.609
59.833 -80.038 -25.888
61.235 -84.773 -28.664
61.828 -87.765 -33.441
62.237 -88.13 -39.083
63.122 -85.818 -44.181
64.523 -81.058 -48.783
70.547 -83.864 -44.709
66.762 -84.043 -44.941
69.405 -79.341 -46.686
73.158 -75.595 -46.577
80.34 -71.522 -46.95
84.435 -69.686 -41.091
80.266 -72.685 -35.309
74.771 -73.161 -32.552
69.406 -76.101 -28.96
65.6 -72.512 -31.142
60.632 -70.709 -34.679
55.96 -71.285 -37.836
51.632 -74.355 -39.831
48.222 -78.875 -39.647
46.003 -83.346 -36.96
44.885 -86.279 -32.241
44.412 -86.678 -26.608
43.935 -84.347 -21.466
44.062 -81.86 -16.694
37.243 -85.558 -17.289
30.037 -87.569 -15.078
25.137 -91.923 -10.701
20.502 -94.724 -12.371
16.531 -99.143 -15.83
12.688 -98.243 -11.762
7.472 -96.835 -10.047
3.465 -95.011 -8.624
8.419 -92.458 -3.977
9.881 -96.688 -0.501
13.325 -99.009 3.355
16.441 -100.813 6.412
13.983 -101.617 10.087
17.855 -104.049 12.866
23.904 -104.56 12.802
27.822 -101.227 15.181
29.339 -96.632 18.131
27.94 -90.558 21.063
21.923 -92.695 20.891
24.594 -87.98 21.476
28.052 -83.738 23.702
24.556 -80.038 26.195
20.642 -78.708 30.071
18.289 -79.463 34.703
22.529 -85.649 33.396
26.194 -89.611 30.27
25.357 -94.673 33.756
19.587 -96.665 31.128
14.835 -95.036 28.507
12.096 -92.072 24.526
12.392 -88.987 19.53
15.595 -95.449 23.692
15.94 -97.534 17.321
12.393 -91.932 14.199
15.659 -88.621 10.961
19.933 -87.859 7.318
22.728 -89.572 3.97
16.167 -92.557 3.501
18.205 -87.374 2.001
24.141 -85.804 -2.419
26.353 -90.582 -4.518
25.871 -95.518 -7.264
25.048 -100.472 -9.183
32.27 -101.184 -9.694
37.318 -104.892 -6.239
42.077 -105.27 -9.296
46.194 -102.954 -12.424
49.148 -98.478 -14.254
50.787 -93.071 -13.831
52.086 -88.874 -11.777
57.509 -89.624 -8.034
59.378 -94.177 -4.248
55.393 -95.113 -0.191
54.616 -98.952 3.562
47.491 -97.732 -0.637
46.441 -100.182 2.253
41.671 -96.926 -1.943
36.769 -92.612 -2.516
35.076 -89.774 -7.123
34.454 -89.288 -12.733
34.314 -91.505 -17.949
33.919 -95.915 -21.487
32.59 -102.768 -23.042
29.535 -99.451 -26.474
25.272 -95.104 -29.481
24.838 -93.698 -34.951
23.291 -90.134 -39.077
21.735 -85.002 -40.914
21.268 -79.396 -40.249
22.645 -74.547 -37.655
26.034 -71.459 -34.327
30.972 -70.568 -31.685
36.49 -71.617 -30.939
41.446 -73.73 -32.692
44.877 -75.698 -36.752
46.772 -75.995 -41.355
44.482 -71.663 -47.572
40.366 -64.798 -47.909
32.225 -63.279 -50.004
26.783 -59.61 -49.959
23.582 -55.028 -50.891
22.611 -49.459 -50.503
24.354 -44.141 -49.614
28.437 -40.233 -49.199
34.359 -38.289 -50.0
35.038 -46.019 -53.997
37.337 -53.456 -56.256
42.006 -57.514 -50.248
49.191 -55.823 -45.454
45.541 -55.311 -50.464
44.419 -53.016 -55.525
45.987 -50.179 -60.172
50.005 -46.261 -64.218
46.022 -52.596 -65.352
47.109 -60.099 -68.119
51.65 -60.339 -71.498
57.194 -61.161 -72.356
62.758 -63.018 -70.15
56.666 -66.92 -65.987
58.246 -69.368 -70.947
60.271 -74.097 -68.569
60.39 -77.925 -64.389
58.119 -80.398 -59.826
53.729 -81.502 -56.414
48.745 -82.475 -54.796
44.574 -87.547 -57.119
41.706 -86.483 -52.349
37.595 -83.834 -49.486
32.776 -80.859 -49.283
28.006 -78.923 -51.652
23.884 -79.307 -55.744
27.311 -81.654 -62.036
25.881 -80.258 -65.942
21.043 -78.75 -62.331
21.66 -76.159 -57.351
23.583 -82.24 -53.464
28.084 -86.138 -53.579
31.765 -89.939 -56.116
32.985 -89.171 -60.105
38.028 -89.607 -65.279
36.533 -84.283 -66.591
36.679 -78.62 -66.732
37.681 -73.595 -64.31
39.996 -70.382 -60.256
43.658 -69.585 -56.006
46.07 -69.776 -51.016
37.09 -71.058 -52.115
29.926 -70.397 -56.299
23.478 -71.099 -59.953
18.452 -70.026 -62.4
12.133 -71.917 -67.33
14.394 -67.696 -66.255
17.49 -63.946 -63.347
19.08 -58.637 -62.165
18.225 -52.443 -63.409
12.07 -55.017 -68.998
10.295 -60.505 -74.712
7.731 -65.713 -76.398
6.595 -68.061 -71.366
3.289 -68.747 -66.812
-2.041 -68.575 -64.562
-4.016 -65.699 -60.098
-8.019 -64.613 -56.235
-12.708 -66.015 -53.38
-16.529 -69.816 -51.625
-18.203 -75.153 -50.708
-17.127 -80.682 -50.099
-13.576 -85.002 -49.18
-8.61 -87.09 -47.42
-3.969 -86.839 -44.379
1.156 -85.133 -44.694
5.649 -81.699 -44.312
9.266 -78.681 -43.35
3.418 -80.825 -39.962
-2.323 -82.378 -38.69
-6.938 -81.648 -34.121
-9.505 -75.399 -37.255
-6.757 -70.855 -37.017
-5.649 -68.649 -42.118
-4.08 -69.68 -48.468
-1.453 -72.178 -52.823
-1.437 -75.587 -57.35
-4.108 -78.473 -61.431
-8.687 -79.569 -64.587
-13.783 -78.179 -66.634
-17.854 -74.389 -67.741
-19.669 -69.058 -68.371
-18.719 -63.525 -69.143
-16.115 -57.427 -68.632
-9.008 -57.778 -69.786
-4.272 -53.818 -73.498
-1.461 -52.137 -68.874
3.194 -51.984 -65.645
9.349 -53.492 -64.883
12.415 -59.498 -63.171
12.088 -60.703 -71.415
10.738 -55.606 -77.847
16.267 -55.016 -78.95
21.628 -56.83 -78.676
25.483 -60.893 -77.811
28.962 -65.393 -75.389
28.448 -67.014 -68.948
24.975 -68.46 -63.725
23.175 -75.199 -66.909
16.978 -78.822 -63.856
21.94 -82.849 -62.869
24.853 -77.691 -63.076
26.414 -73.84 -69.069
27.229 -69.704 -66.842
31.265 -68.2 -70.527
33.812 -68.592 -75.575
33.875 -70.16 -81.021
31.258 -71.803 -85.77
28.177 -72.291 -89.309
26.818 -69.572 -83.437
25.365 -68.126 -78.579
21.446 -70.362 -74.931
17.824 -74.596 -74.091
19.646 -79.761 -75.545
23.786 -83.544 -76.354
29.109 -85.345 -75.63
34.109 -85.191 -72.969
38.821 -82.295 -68.614
39.927 -78.812 -63.995
43.138 -77.4 -60.089
40.488 -74.195 -67.339
46.707 -67.662 -65.571
47.803 -65.636 -60.394
51.244 -64.89 -55.953
56.387 -64.899 -53.569
62.044 -64.892 -53.91
67.148 -63.96 -56.803
60.171 -63.464 -60.211
56.935 -64.204 -57.575
57.401 -59.39 -54.425
59.71 -54.62 -56.432
59.694 -50.148 -59.913
57.807 -46.489 -62.599
54.059 -50.259 -58.106
57.006 -50.002 -51.204
59.943 -45.798 -49.725
56.742 -41.13 -50.042
51.758 -38.466 -49.641
46.368 -38.197 -47.906
41.39 -38.499 -45.643
39.443 -39.429 -51.038
32.713 -42.944 -50.993
31.392 -47.845 -53.407
30.341 -54.448 -49.682
26.487 -49.487 -50.46
25.859 -53.784 -57.053
29.544 -55.648 -54.463
34.336 -55.339 -53.928
38.67 -55.037 -48.297
38.677 -52.889 -43.051
36.005 -50.774 -38.523
31.322 -49.9 -35.45
25.941 -51.069 -34.115
22.339 -54.01 -33.806
28.688 -57.962 -33.46
36.44 -56.579 -32.438
37.714 -64.975 -33.287
36.884 -67.032 -38.091
36.335 -69.815 -34.966
30.339 -71.346 -36.394
32.571 -75.043 -37.672
29.248 -76.521 -45.685
30.609 -81.904 -44.544
32.273 -85.978 -40.973
33.106 -87.995 -35.742
32.235 -87.854 -30.144
29.331 -86.14 -25.589
24.71 -83.939 -23.156
19.229 -82.494 -23.248
14.027 -82.801 -25.472
10.143 -85.306 -28.753
8.207 -89.755 -31.684
7.457 -94.339 -32.733
6.476 -90.975 -27.059
6.75 -86.296 -23.876
9.091 -83.203 -19.742
10.988 -80.999 -14.744
14.538 -75.421 -11.26
18.213 -73.126 -6.405
23.062 -66.487 -6.3
21.304 -59.244 -7.107
27.922 -54.584 -6.227
29.4 -50.373 -11.185
30.129 -43.29 -12.235
36.134 -36.044 -9.218
38.722 -30.655 -3.815
34.755 -31.071 0.211
32.851 -33.589 4.747
39.162 -31.103 1.127
45.051 -32.214 2.549
47.247 -37.48 -1.087
45.635 -42.639 -0.462
38.411 -48.591 -1.904
33.296 -47.833 -4.226
30.433 -45.719 -7.584
33.034 -44.742 -12.521
36.373 -46.354 -16.808
39.017 -50.341 -19.84
39.771 -55.732 -21.415
38.291 -62.382 -21.171
36.009 -65.721 -28.861
37.818 -60.618 -30.534
39.802 -57.078 -34.49
40.77 -55.679 -39.896
41.551 -54.831 -44.489
36.994 -56.956 -40.978
32.085 -60.706 -36.033
29.567 -66.852 -36.469
32.586 -68.599 -41.45
37.127 -73.176 -42.186
42.712 -72.684 -43.02
47.843 -70.839 -41.477
51.452 -68.775 -37.626
54.2 -65.27 -32.858
48.677 -60.817 -30.217
45.729 -59.612 -25.639
43.501 -60.172 -20.46
43.877 -61.64 -14.998
46.89 -62.923 -10.373
50.769 -65.653 -6.355
48.702 -63.961 0.46
53.114 -61.158 5.542
53.758 -66.591 4.065
54.288 -72.084 5.364
53.824 -76.425 8.979
51.647 -78.297 14.106
50.158 -77.115 20.41
47.202 -80.006 15.787
44.639 -77.549 13.955
37.808 -75.506 10.466
34.061 -74.754 14.652
30.81 -71.439 17.902
28.227 -66.515 18.994
26.261 -61.449 17.386
24.673 -57.75 13.397
23.101 -56.497 8.1
21.18 -57.99 2.979
19.341 -59.511 -0.543
18.545 -61.869 1.996
14.626 -65.9 1.268
10.567 -69.326 3.244
7.667 -70.179 5.735
5.144 -67.781 4.07
2.342 -72.258 5.291
-2.345 -73.287 9.555
-6.776 -75.713 15.205
-12.871 -77.611 18.414
-8.247 -73.695 19.534
-10.62 -76.083 25.524
-9.314 -79.734 28.958
-9.079 -83.476 28.727
-12.95 -81.047 27.497
-6.682 -78.594 26.261
-6.497 -71.245 26.723
-13.06 -73.87 27.398
-17.652 -76.033 23.982
-16.304 -80.846 26.651
-12.673 -85.018 27.887
-7.442 -87.191 28.058
-1.802 -86.644 27.867
3.075 -84.514 28.515
3.584 -80.906 34.156
3.809 -78.843 38.231
0.106 -81.98 38.165
-1.182 -78.922 35.563
-0.516 -77.409 39.419
1.152 -72.325 40.983
5.041 -72.598 41.688
2.823 -77.46 47.555
-2.283 -75.28 48.883
-2.59 -69.076 47.724
-2.456 -70.344 43.219
-6.045 -72.866 38.458
-9.165 -71.315 32.285
-7.801 -67.046 26.117
-6.375 -70.511 21.268
-4.36 -73.426 16.844
-4.157 -78.072 13.606
-6.296 -83.006 11.822
-10.568 -86.695 11.302
-15.237 -88.986 10.705
-18.89 -86.4 7.228
-20.053 -82.997 2.849
-18.528 -80.203 -1.839
-14.972 -79.257 -6.149
-10.69 -80.816 -9.518
-7.634 -83.63 -12.221
-6.448 -89.681 -11.262
-2.479 -93.035 -14.718
0.688 -89.333 -10.992
0.078 -94.955 -11.363
-2.828 -99.566 -12.915
-8.056 -103.718 -14.238
-12.194 -101.054 -16.307
-5.94 -98.434 -20.125
-8.742 -95.142 -20.921
-12.841 -99.937 -21.973
-19.263 -101.15 -23.029
-21.18 -98.39 -27.594
-20.354 -95.784 -32.559
-17.189 -94.601 -37.107
-14.127 -95.071 -40.738
-14.908 -99.046 -37.0
-17.089 -102.28 -33.411
-14.885 -104.969 -28.436
-9.651 -104.887 -26.892
-4.374 -101.617 -26.558
-3.314 -96.05 -26.709
-4.961 -90.646 -26.279
-8.657 -86.672 -24.65
-13.18 -84.944 -21.353
-5.532 -84.095 -19.766
-5.633 -88.162 -22.333
-12.185 -90.223 -21.53
-15.978 -87.347 -14.476
-17.284 -90.376 -9.87
-15.925 -92.738 -4.9
-13.416 -96.055 -0.455
-12.361 -93.476 5.603
-8.431 -92.932 3.629
-4.153 -89.262 4.221
-2.124 -83.982 4.587
-2.814 -78.419 5.419
-5.833 -73.984 7.246
-10.047 -71.734 10.294
-14.516 -69.932 12.456
-7.755 -69.243 7.42
-3.081 -65.51 10.511
-0.158 -60.366 9.956
4.575 -57.847 6.083
8.358 -53.649 5.506
15.037 -58.347 4.275
16.711 -62.31 11.383
11.529 -57.771 14.621
8.502 -55.891 11.466
6.438 -48.851 13.054
2.843 -52.831 16.593
-2.072 -52.188 14.279
-3.164 -52.763 8.749
-6.7 -53.81 4.444
-11.913 -54.321 2.28
-17.507 -53.456 2.492
-22.072 -50.805 4.56
-24.513 -46.534 7.373
-24.157 -40.9 9.683
-22.726 -35.691 11.395
-21.564 -30.488 10.533
-15.213 -28.449 6.642
-8.76 -26.005 4.313
-3.69 -23.471 4.241
0.14 -19.91 6.425
2.177 -16.774 10.681
2.435 -15.368 16.163
2.529 -15.509 20.87
2.259 -21.367 17.185
3.027 -24.956 14.536
-3.023 -27.854 12.551
-8.789 -27.319 14.08
-12.656 -25.213 16.53
-14.352 -19.844 17.168
-14.333 -14.39 15.63
-13.268 -10.265 11.892
-12.152 -8.459 6.636
-9.603 -9.298 0.169
-9.218 -6.144 -5.328
-6.327 -4.046 -12.003
-1.127 -4.697 -14.158
2.797 -7.741 -16.89
4.335 -12.076 -20.2
3.14 -16.194 -23.907
-0.276 -18.648 -27.706
-4.688 -18.526 -31.261
-8.556 -15.731 -34.318
-10.415 -10.225 -36.207
-3.972 -6.835 -34.94
2.197 -4.037 -34.721
-0.028 -5.04 -38.52
-6.135 -7.509 -43.301
-1.452 -6.28 -46.245
3.259 -7.819 -48.993
6.156 -10.445 -51.723
3.108 -14.275 -49.63
-1.831 -14.9 -46.384
-2.309 -19.892 -42.075
-0.108 -23.292 -40.395
4.399 -21.068 -37.774
7.098 -16.748 -35.286
6.444 -11.569 -33.165
1.833 -17.454 -33.947
-2.217 -12.268 -31.209
-0.62 -9.029 -30.624
-2.469 -5.929 -24.811
0.269 -0.469 -22.237
-3.1 -2.214 -23.722
-8.284 -3.57 -21.874
-12.146 -7.362 -20.193
-13.604 -12.518 -18.348
-12.327 -17.539 -16.049
-8.861 -20.963 -13.156
-4.444 -21.842 -9.715
-0.616 -20.031 -5.95
1.101 -16.514 -2.013
-4.036 -13.892 -5.734
-6.607 -14.197 -10.777
-10.719 -12.703 -14.377
-14.915 -9.26 -16.013
-17.702 -4.33 -15.771
-20.253 0.097 -15.102
-17.183 1.22 -19.606
-19.928 5.914 -21.201
-19.992 11.302 -22.96
-17.326 17.613 -24.21
-15.565 12.558 -24.984
-14.257 13.365 -30.89
-10.498 17.598 -31.178
-5.7 20.109 -32.397
-0.088 19.948 -33.167
4.496 18.45 -36.142
6.988 16.686 -40.916
6.986 15.812 -46.517
6.219 14.057 -51.617
8.568 15.548 -53.978
5.641 19.115 -51.596
2.151 21.291 -55.494
-1.347 23.158 -58.751
5.362 24.111 -62.064
10.849 24.014 -56.367
12.307 29.379 -49.58
18.178 32.701 -54.005
9.739 33.411 -58.503
5.884 25.597 -55.081
15.097 24.28 -52.912
19.843 24.321 -59.138
25.841 25.547 -60.695
26.089 26.17 -66.321
25.775 29.34 -71.009
25.744 34.357 -73.647
26.754 39.929 -73.774
29.233 44.601 -71.733
32.767 47.162 -69.735
34.579 46.658 -66.41
38.884 46.052 -62.772
42.772 45.245 -60.091
41.369 42.403 -64.748
37.316 38.222 -69.558
36.356 33.365 -71.995
37.603 28.987 -68.42
35.592 28.969 -63.122
32.314 30.563 -59.685
31.324 34.561 -62.475
31.93 33.657 -57.673
27.939 37.313 -55.988
23.058 40.082 -56.774
18.087 40.782 -59.404
13.858 38.886 -62.669
10.966 34.691 -65.146
8.802 30.395 -65.974
12.915 31.546 -62.856
9.253 30.168 -61.044
10.075 29.563 -58.094
10.487 31.315 -52.103
9.128 27.906 -51.38
11.007 26.442 -46.947
6.6 27.559 -48.109
0.006 28.787 -46.022
-5.933 27.641 -40.697
-9.349 23.556 -42.636
-10.686 18.4 -44.109
-10.109 12.857 -45.135
-7.633 7.843 -44.215
-4.431 4.361 -41.097
-1.912 2.916 -36.229
-0.916 3.526 -29.975
-6.267 2.039 -27.004
0.59 4.402 -25.936
-0.006 7.749 -21.401
-2.864 10.395 -17.436
-5.517 13.592 -13.581
-9.805 14.563 -10.003
-14.906 15.407 -6.421
-12.949 18.746 -2.283
-13.382 23.272 1.101
-16.378 27.451 3.483
-21.295 29.862 4.94
-30.967 27.601 7.102
-31.445 24.817 10.722
-26.306 25.564 11.397
-18.664 20.199 9.242
-21.868 13.861 0.622
-24.92 14.189 -3.227
-27.535 17.712 -6.815
-28.018 22.715 -9.431
-25.901 27.709 -11.076
-21.55 31.204 -12.059
-16.031 32.184 -12.897
-10.499 29.692 -13.824
-16.117 23.945 -13.082
-16.589 16.585 -13.683
-11.887 14.642 -7.744
-13.833 7.488 -10.587
-11.152 4.573 -11.046
-17.779 2.362 -11.962
-16.78 4.672 -9.327
-11.837 6.094 -2.679
-15.42 1.932 -5.148
-14.563 1.523 -9.168
-19.406 6.655 -7.245
-13.198 11.667 -5.902
-11.387 9.575 -9.106
-22.765 4.195 0.358
-15.863 1.995 -0.102
-8.928 1.939 -4.945
-3.771 0.841 -9.982
3.944 -1.543 -13.997
11.588 -6.448 -9.183
8.904 -10.578 -11.984
8.42 -15.968 -13.667
9.751 -21.462 -13.257
11.932 -25.871 -10.438
13.727 -28.347 -5.67
16.874 -28.606 0.393
11.677 -22.335 -0.237
10.731 -18.424 1.09
8.732 -14.209 3.025
9.473 -7.347 5.294
13.227 -11.279 0.09
18.733 -12.532 -0.408
23.129 -14.619 -3.311
25.565 -16.322 -8.139
25.808 -16.543 -13.795
24.326 -14.664 -18.93
20.222 -11.582 -23.677
14.922 -17.093 -22.996
12.846 -22.195 -18.413
6.797 -20.262 -14.86
4.386 -25.507 -12.06
-1.421 -24.196 -7.448
0.797 -27.334 -7.195
-0.026 -20.755 -2.194
-6.631 -16.558 -2.615
-12.253 -8.987 -1.504
-7.861 -2.681 -0.769
-13.161 -3.612 1.009
-18.026 -6.515 0.887
-21.069 -11.095 -0.482
-21.479 -16.525 -2.05
-18.918 -22.031 -2.824
-16.039 -29.36 -4.412
-12.381 -36.704 -3.325
-8.803 -37.092 1.055
-6.86 -39.413 6.01
-7.453 -43.855 12.524
-10.1 -45.896 17.103
-13.472 -49.678 19.643
-16.136 -54.678 19.792
-16.889 -59.987 17.959
-15.132 -64.601 15.175
-11.062 -67.733 12.778
-5.733 -68.561 12.571
2.05 -68.065 17.585
9.211 -64.442 21.304
11.761 -69.022 19.714
17.877 -64.351 18.945
19.451 -69.744 18.2
21.62 -73.917 15.037
23.74 -77.147 12.064
25.643 -74.325 9.13
29.555 -73.072 5.223
33.362 -69.56 2.925
36.721 -65.0 3.153
39.431 -60.943 6.031
41.501 -58.768 10.841
43.134 -59.267 16.243
44.679 -62.38 20.722
46.511 -65.673 23.917
52.314 -62.851 20.736
57.446 -65.073 21.661
62.472 -66.951 19.835
66.509 -67.355 15.881
69.716 -66.155 12.205
70.49 -61.655 8.847
69.63 -55.191 6.883
67.491 -47.198 6.371
61.336 -42.133 6.043
58.222 -41.806 9.164
54.091 -36.393 8.673
51.532 -32.552 15.079
53.285 -30.747 18.993
56.251 -26.347 14.042
59.247 -18.779 14.002
56.751 -12.866 7.899
56.942 -7.648 0.631
52.549 -1.157 -1.014
46.488 -3.215 -2.659
42.429 -5.383 -0.345
38.099 -5.377 3.312
35.22 -3.099 7.628
34.399 1.693 11.662
32.829 0.033 8.555
31.424 0.423 2.325
35.779 0.713 -0.932
40.542 2.363 -1.823
46.108 5.336 -0.06
48.702 6.922 4.102
50.59 6.141 9.375
50.527 2.498 13.714
49.868 -2.711 15.847
49.539 -8.34 15.258
50.362 -13.101 12.298
52.769 -15.856 9.169
54.034 -12.325 17.543
46.812 -8.333 21.317
44.658 -13.021 18.976
41.688 -17.84 19.283
37.995 -21.267 21.875
33.896 -22.225 25.672
29.844 -20.426 29.199
26.27 -16.448 31.081
23.456 -11.57 30.449
21.169 -7.982 29.48
20.426 -6.206 26.929
20.629 -2.334 22.796
20.225 -0.826 17.346
18.458 -1.366 12.961
14.725 -2.816 13.751
12.037 -6.164 10.046
8.398 -9.075 8.906
3.08 -4.23 10.132
-0.441 -1.734 15.73
-8.042 -0.428 14.403
-10.92 1.254 7.626
-15.626 5.157 0.967
-11.782 9.301 1.382
-6.523 11.145 2.416
-0.965 10.258 3.054
3.688 7.087 2.418
8.075 2.302 2.401
8.523 -7.547 -4.622
6.905 -5.183 -9.226
6.062 0.023 -11.298
7.866 5.247 -12.556
12.006 9.018 -13.43
17.418 10.333 -14.478
23.555 10.889 -14.188
22.457 10.738 -17.983
22.397 15.816 -20.501
24.456 19.57 -24.214
27.594 20.9 -28.741
30.423 19.481 -33.442
31.418 15.751 -37.62
27.85 12.573 -37.173
27.37 7.377 -39.38
24.516 3.433 -42.282
18.961 0.71 -45.434
16.505 2.484 -47.51
11.617 3.477 -50.203
8.472 6.367 -53.928
7.937 9.906 -58.321
10.055 12.642 -62.808
13.891 13.404 -66.904
17.163 11.511 -69.39
15.025 11.594 -75.747
13.416 11.147 -81.163
9.454 11.24 -85.214
4.281 12.579 -87.102
-0.572 15.479 -86.721
-3.683 19.755 -84.679
-4.176 24.782 -82.115
-2.014 29.707 -80.33
2.009 33.7 -80.386
6.495 36.232 -82.751
10.228 37.942 -84.636
11.959 38.504 -87.213
12.858 38.08 -92.793
11.067 38.298 -98.164
7.292 39.821 -102.108
1.699 42.851 -103.92
6.401 43.672 -107.484
6.403 42.866 -103.511
7.76 40.187 -98.531
12.245 42.716 -96.171
16.364 45.469 -102.969
18.805 51.566 -105.156
21.669 53.2 -102.548
26.042 49.852 -108.083
24.185 44.037 -105.33
17.537 40.417 -106.254
14.225 44.823 -107.298
15.195 50.187 -105.746
17.299 54.041 -102.162
20.662 55.53 -97.852
25.01 54.559 -94.349
28.745 52.433 -90.224
27.915 51.47 -82.469
30.65 47.281 -76.064
33.839 47.21 -80.749
38.413 45.54 -83.646
44.581 42.47 -84.052
45.274 39.462 -76.798
46.228 33.257 -72.738
42.231 26.78 -71.931
46.649 25.709 -65.435
44.693 21.307 -63.95
50.18 18.441 -68.844
46.644 21.484 -70.139
43.031 22.397 -74.408
40.622 20.897 -79.312
39.382 17.054 -83.293
38.907 11.7 -85.08
38.548 6.128 -84.105
37.622 1.713 -80.674
36.041 -1.387 -77.381
31.693 -1.222 -74.032
31.594 5.434 -74.191
35.176 9.793 -71.156
39.592 14.554 -68.192
44.297 11.418 -67.867
48.73 8.808 -70.254
52.276 7.963 -74.589
54.611 9.54 -79.507
55.791 13.441 -83.445
56.24 18.825 -85.156
56.613 24.381 -84.099
55.881 30.257 -80.177
52.809 31.483 -71.604
49.423 35.198 -64.696
43.838 41.041 -67.063
46.926 45.581 -68.47
47.407 50.856 -70.485
46.631 56.097 -71.895
40.887 57.712 -77.136
48.151 56.183 -80.686
47.145 52.486 -78.222
42.926 49.569 -84.41
37.329 55.115 -86.295
36.132 55.146 -80.925
36.947 51.248 -84.616
33.397 48.621 -89.039
30.51 49.064 -92.78
30.256 47.077 -96.54
30.889 39.449 -99.969
23.035 37.928 -100.995
21.123 37.65 -95.667
17.944 39.602 -91.398
13.715 42.789 -89.383
8.984 45.828 -90.089
4.801 47.913 -91.185
1.838 48.664 -87.03
-2.867 42.315 -87.434
-4.947 37.672 -89.927
-4.295 32.58 -92.325
-1.252 27.914 -93.384
1.965 24.366 -92.522
6.631 20.917 -92.246
11.06 20.543 -88.732
13.385 20.927 -83.577
12.983 21.215 -77.93
10.096 20.575 -73.097
5.754 18.477 -70.117
1.454 14.846 -69.451
-1.326 10.102 -70.819
-1.59 5.013 -73.298
0.863 0.456 -75.609
5.368 -2.857 -76.53
10.831 -4.98 -78.251
17.727 -1.915 -81.238
19.919 -5.441 -83.917
22.169 -10.937 -82.969
26.147 -12.908 -79.448
28.383 -17.011 -76.242
29.079 -21.895 -71.924
28.768 -22.25 -75.966
27.427 -27.538 -74.428
25.888 -32.855 -75.653
25.262 -37.152 -79.291
26.361 -39.712 -84.229
29.455 -40.357 -88.929
34.103 -39.751 -91.445
41.82 -36.645 -88.821
48.888 -34.188 -87.958
48.136 -27.901 -84.716
42.687 -26.11 -80.362
35.702 -24.288 -83.696
32.468 -23.236 -88.228
27.647 -23.802 -91.155
22.158 -25.165 -91.516
17.121 -26.25 -89.151
13.521 -26.069 -84.781
11.99 -24.063 -78.733
12.089 -22.371 -73.324
13.137 -18.491 -69.33
14.694 -12.558 -67.755
18.772 -7.459 -63.302
21.27 -0.637 -62.924
23.168 2.474 -55.734
25.532 7.586 -55.091
25.173 13.173 -54.216
22.337 17.794 -52.563
18.05 20.307 -49.841
13.8 20.244 -46.091
11.201 19.262 -42.148
10.992 14.935 -39.212
9.98 10.496 -35.839
11.63 6.67 -31.996
15.723 4.82 -27.959
21.899 5.672 -25.745
28.695 3.076 -26.191
34.165 4.425 -25.566
38.273 8.004 -24.008
40.107 12.583 -21.218
39.477 16.616 -17.286
36.021 18.967 -12.499
30.044 22.655 -11.011
34.487 26.17 -6.958
36.948 27.653 -2.072
37.092 27.826 3.59
35.361 26.035 8.683
32.792 22.257 12.033
27.95 14.263 8.366
30.555 12.507 1.729
26.687 16.438 -3.891
22.234 18.883 -1.38
19.818 23.191 1.398
19.714 28.591 3.108
21.473 33.969 2.766
26.024 39.419 0.89
22.11 41.847 -2.411
20.581 45.439 -6.522
21.791 48.749 -10.959
25.227 50.424 -15.143
29.666 49.627 -18.576
35.468 46.438 -20.757
34.854 40.062 -19.006
38.542 37.83 -18.503
38.423 38.468 -24.444
34.248 42.622 -24.946
29.044 44.662 -24.878
24.211 45.107 -22.361
20.664 42.952 -18.001
20.454 38.477 -13.366
22.793 36.078 -10.395
26.776 34.489 -8.427
33.24 36.831 -6.402
37.08 40.896 -5.479
38.505 46.323 -4.673
37.192 51.69 -3.415
33.694 55.601 -1.275
29.248 57.119 1.894
24.124 58.09 4.219
26.332 61.879 -3.006
22.811 66.272 -8.111
21.241 69.813 -12.246
22.496 73.415 -16.253
24.563 78.803 -22.391
19.894 85.048 -22.607
20.591 84.351 -17.027
22.817 85.888 -12.046
25.383 89.655 -8.678
26.987 94.942 -7.421
26.636 100.558 -8.104
23.959 105.202 -9.938
19.318 107.888 -11.773
13.702 108.249 -12.454
6.986 105.345 -12.531
2.246 102.319 -16.629
-3.907 102.585 -18.039
-9.539 102.757 -18.629
-14.788 101.821 -16.71
-18.45 100.746 -12.52
-19.825 100.539 -7.026
-18.935 101.936 -1.605
-17.731 104.48 2.384
-20.739 105.898 -0.369
-20.661 104.527 -5.491
-19.07 105.449 -9.412
-14.932 108.18 -11.838
-11.734 111.191 -12.358
-6.962 110.819 -11.709
-2.943 106.759 -8.362
-1.946 102.061 -5.358
-3.136 96.707 -3.925
-5.674 91.731 -4.887
-8.289 88.043 -8.303
-9.688 86.145 -13.457
-9.356 85.037 -18.043
-4.801 87.144 -11.575
-2.683 88.508 -5.673
0.762 92.653 -1.356
1.638 88.551 -4.412
-1.811 84.579 2.791
1.696 85.587 -1.547
7.088 84.323 -4.365
1.15 80.185 -0.473
2.712 77.844 -4.82
9.767 78.379 -4.923
9.492 76.76 0.502
11.332 76.936 5.859
13.698 79.226 10.293
14.717 84.791 9.966
12.531 91.067 9.039
5.715 93.494 4.34
8.48 94.708 -3.385
14.867 90.769 -8.24
13.657 90.898 -13.775
14.557 92.811 -19.034
17.763 95.411 -22.916
22.742 97.385 -24.762
28.401 97.627 -24.555
33.427 95.57 -22.929
36.706 91.38 -20.973
37.686 85.908 -19.879
34.757 79.505 -18.795
35.897 83.825 -13.093
39.494 87.492 -6.887
44.815 87.798 -4.957
49.728 90.54 -4.287
52.841 95.276 -4.315
55.588 99.813 -4.857
52.461 102.903 -4.902
49.451 104.65 -2.867
47.217 109.858 -2.89
43.277 113.604 -1.288
38.317 115.094 2.325
33.195 113.916 6.358
27.26 109.769 5.772
26.609 104.801 5.989
25.349 102.973 1.41
26.592 97.722 2.732
34.772 98.441 3.453
32.021 100.337 -1.124
31.943 102.316 -6.435
33.716 103.022 -11.693
37.925 107.96 -15.357
38.399 101.406 -13.177
42.475 100.943 -17.089
46.606 98.047 -19.67
49.313 93.215 -20.871
49.245 87.749 -21.176
42.82 87.711 -16.466
45.94 83.779 -19.099
46.625 79.781 -23.057
45.268 78.36 -26.843
40.951 80.143 -27.101
39.216 79.013 -30.221
33.404 80.413 -28.39
28.674 81.223 -23.654
29.698 76.249 -21.135
32.353 73.07 -17.269
35.058 72.594 -12.298
34.991 79.324 -5.526
30.319 82.109 -3.932
25.429 84.783 -2.169
27.246 79.637 -0.641
26.651 74.006 -0.397
24.696 68.42 -1.829
26.395 68.566 -8.102
30.851 66.558 -13.819
31.094 63.641 -20.71
28.748 67.344 -26.477
28.082 74.784 -28.351
35.291 77.446 -29.529
33.179 77.858 -34.932
34.512 74.035 -30.966
36.659 69.038 -29.37
39.772 64.405 -30.353
43.702 61.566 -33.285
48.035 61.374 -36.933
52.233 63.849 -39.827
55.797 68.16 -40.741
58.433 72.892 -39.077
60.141 76.5 -35.054
60.929 77.083 -29.785
57.283 70.341 -34.4
56.207 63.434 -40.108
51.797 60.989 -37.521
48.974 59.458 -32.853
47.953 59.836 -27.291
49.128 61.339 -20.583
48.144 67.104 -25.438
45.736 72.16 -26.314
44.215 76.441 -29.701
43.224 78.632 -34.833
42.246 78.085 -40.387
40.749 75.013 -44.911
38.381 70.441 -47.273
35.051 65.862 -47.037
30.984 62.773 -44.58
26.633 62.202 -40.995
22.941 62.402 -35.593
24.609 56.487 -30.219
23.989 52.277 -23.211
23.974 46.102 -17.246
25.868 41.468 -9.881
28.284 34.982 -4.935
27.929 28.075 -9.644
25.571 21.653 -10.922
28.742 14.826 -12.374
28.904 10.238 -14.322
22.637 5.809 -16.043
21.886 -1.26 -14.442
19.617 -6.923 -9.783
21.688 -3.914 -5.45
21.278 0.237 -1.611
18.264 4.022 1.342
13.35 6.046 3.309
6.579 7.031 3.767
2.05 8.968 -1.601
-4.285 4.846 -1.964
-7.054 -0.052 -2.624
-8.747 -5.529 -0.896
-6.638 -6.805 4.207
-5.107 -5.373 9.47
-5.194 -1.85 13.91
-7.43 2.49 16.789
-9.311 7.847 18.644
-1.81 0.354 30.042
-2.625 -4.467 36.998
-5.863 -8.96 43.677
-3.503 -11.473 51.014
-2.13 -5.971 58.673
0.963 1.129 63.713
-1.264 6.16 62.549
-2.765 11.307 60.713
-3.036 17.962 61.291
-1.257 22.799 63.652
2.845 26.175 65.622
8.296 27.671 66.059
13.681 27.466 64.308
17.617 26.275 60.409
19.177 25.128 55.085
18.186 25.039 49.502
15.284 26.695 44.926
10.737 30.374 43.047
16.78 31.48 48.857
22.218 29.644 42.718
16.692 33.333 38.875
13.437 37.943 38.356
9.992 42.044 38.499
16.009 43.127 37.836
20.064 40.779 39.573
27.497 39.392 40.521
29.428 33.164 41.139
27.622 36.779 47.29
21.015 40.043 50.114
18.61 40.11 55.482
13.156 38.592 55.743
6.925 37.195 53.978
8.358 35.808 57.642
4.972 29.745 60.916
3.799 32.259 57.649
1.328 27.749 55.268
1.444 22.39 53.429
3.782 17.232 53.231
7.282 13.26 55.257
10.508 11.084 59.377
12.114 10.744 64.801
11.268 11.693 70.324
7.914 12.98 74.708
3.43 13.103 76.782
0.784 15.422 77.892
-4.859 15.673 77.424
-9.83 13.493 75.799
-13.79 8.816 73.073
1.659 6.013 76.18
6.48 2.833 70.798
7.556 6.353 63.909
13.944 8.245 59.705
20.216 7.582 59.459
22.188 4.189 58.732
17.309 8.06 54.593
15.166 13.481 51.61
15.986 13.58 46.0
18.406 11.588 41.279
21.201 7.575 38.414
23.036 2.247 37.798
22.879 -3.266 39.098
20.325 -7.781 41.381
16.125 -11.339 43.167
14.04 -16.549 43.97
9.759 -20.089 45.099
4.23 -21.259 45.521
-1.212 -20.099 44.44
-5.593 -17.891 41.294
-7.77 -22.93 39.884
-8.195 -27.385 36.409
-6.274 -30.587 32.144
-1.843 -32.827 28.102
3.897 -32.399 26.435
9.316 -31.231 27.609
13.699 -30.963 31.191
16.257 -32.341 36.06
16.777 -35.583 40.679
15.697 -40.322 43.593
14.904 -44.638 45.063
18.422 -43.927 42.078
19.445 -39.669 37.781
17.126 -37.564 32.387
11.928 -39.554 29.174
7.219 -40.973 27.859
3.089 -41.994 30.828
0.267 -40.675 35.561
-0.512 -37.491 40.184
0.402 -32.791 43.216
2.115 -27.407 43.679
3.481 -22.394 41.416
3.468 -18.683 37.132
3.396 -15.608 33.134
3.963 -15.999 29.484
0.178 -15.965 25.265
-5.135 -16.33 23.328
-10.745 -16.228 24.108
-15.157 -15.585 25.418
-18.536 -11.079 26.031
-19.615 -5.541 25.482
-18.532 -0.443 23.253
-16.111 2.886 19.361
-14.167 5.219 15.807
-19.54 -0.476 12.843
-14.915 -2.492 9.922
-9.729 -6.302 12.608
-4.603 -11.861 11.49
-6.853 -12.248 16.204
-3.191 -8.752 18.747
-1.787 -5.155 22.896
-2.606 -2.891 28.027
-4.912 -2.97 33.202
-6.896 -5.706 36.901
-5.644 -14.449 36.974
-0.371 -15.928 34.633
-0.922 -10.568 31.508
1.262 -7.556 37.296
5.952 -4.177 39.978
3.22 -3.277 44.863
2.006 -4.651 50.224
3.106 -7.446 55.031
6.592 -10.356 58.425
12.575 -13.601 59.639
18.269 -9.168 62.728
13.638 -2.648 60.305
10.99 3.885 56.358
10.224 5.16 48.809
13.418 3.141 53.031
18.417 1.584 55.202
24.086 1.549 55.152
29.07 3.616 53.419
32.244 7.689 51.08
33.044 13.039 49.402
31.63 19.276 46.96
29.902 13.581 42.733
30.693 10.173 35.487
29.584 7.636 30.706
29.57 14.603 32.624
35.267 18.744 28.395
33.868 18.823 22.905
30.194 19.816 18.706
25.458 22.174 16.674
21.491 25.801 16.006
20.383 31.062 17.797
22.036 36.249 19.37
24.27 40.319 19.73
25.449 36.779 13.15
32.13 37.944 14.469
38.4 32.405 13.655
37.951 27.854 20.331
36.408 28.764 25.709
32.616 28.548 29.914
28.263 28.747 33.493
22.24 24.218 34.288
18.699 20.137 32.579
17.619 15.289 29.846
19.297 10.452 27.417
22.19 6.472 26.869
24.001 -1.086 28.008
17.246 -4.564 28.84
11.575 -8.951 27.65
10.677 -16.583 24.685
14.491 -19.145 21.367
18.734 -19.799 18.976
23.275 -15.962 21.856
21.318 -18.685 15.207
26.314 -16.657 13.452
30.899 -13.404 14.154
35.358 -9.655 17.055
37.013 -6.008 21.067
38.28 -4.742 26.443
39.606 -6.251 31.742
41.427 -10.038 35.545
44.014 -14.893 36.906
47.398 -19.263 35.655
51.361 -21.748 32.454
55.187 -22.376 29.787
55.991 -20.476 36.968
55.758 -16.959 44.781
59.947 -13.014 51.247
60.127 -11.732 59.388
58.519 -15.076 55.103
56.299 -19.883 53.087
53.308 -24.654 53.738
49.647 -27.895 56.602
45.615 -28.599 60.523
41.637 -26.566 64.009
38.116 -22.459 65.708
35.687 -17.179 64.401
32.462 -15.633 62.211
34.654 -20.65 68.193
30.316 -22.813 71.127
24.86 -22.859 72.662
19.454 -21.333 71.912
15.274 -20.119 70.684
15.225 -16.883 67.0
12.351 -8.733 67.464
8.104 -9.226 63.744
3.231 -11.55 62.016
-1.489 -14.536 62.975
-5.327 -16.818 66.467
-7.837 -17.24 71.53
-8.988 -15.245 76.707
-8.582 -11.091 78.658
-8.948 -5.264 80.482
-13.9 -8.857 77.685
-13.285 -3.193 80.26
-10.613 3.033 81.894
-8.28 7.938 81.677
-11.039 12.429 79.469
-17.282 13.031 80.83
-20.089 7.126 81.758
-23.803 3.81 76.605
-22.863 2.272 70.497
-16.822 0.036 69.808
-10.645 -0.194 70.652
-5.057 0.868 68.557
0.553 -0.29 70.099
4.817 -4.425 72.586
6.839 -8.024 76.47
7.599 -13.258 78.505
7.627 -18.89 77.897
7.683 -23.563 74.689
8.52 -26.211 69.749
10.644 -26.424 64.497
13.549 -25.754 61.025
14.376 -25.977 55.895
19.374 -26.559 53.287
24.564 -28.8 52.89
28.435 -32.693 54.295
29.904 -37.693 56.52
28.456 -43.43 58.801
25.174 -45.491 65.323
28.249 -48.516 69.458
35.507 -50.056 70.511
38.954 -42.673 71.55
38.831 -37.456 66.725
33.967 -34.802 69.185
27.144 -38.161 71.932
20.863 -40.165 68.307
18.511 -42.47 65.902
13.39 -42.272 60.413
15.096 -47.308 58.449
15.365 -52.958 58.777
13.559 -57.932 60.806
9.682 -61.145 63.411
5.043 -62.422 64.731
-0.45 -63.637 65.399
-5.849 -63.434 63.69
-9.794 -62.574 59.71
-11.385 -62.026 54.299
-10.471 -62.66 48.742
-9.376 -63.706 44.173
-6.088 -66.242 48.449
-3.283 -66.948 54.587
2.276 -67.942 56.672
6.35 -65.308 54.635
6.415 -60.213 52.152
4.27 -55.029 51.345
0.954 -50.705 52.904
-2.129 -47.917 56.756
-3.64 -46.85 62.113
-2.707 -46.82 66.467
-0.449 -44.025 63.305
3.256 -44.907 67.854
5.47 -47.002 72.631
9.668 -49.488 75.513
15.08 -51.074 76.072
20.546 -50.76 74.607
25.036 -50.142 73.288
27.115 -48.75 78.898
28.26 -43.164 74.302
33.277 -46.516 69.992
35.611 -40.827 73.844
29.071 -36.052 75.009
22.529 -36.645 72.16
14.481 -38.439 70.021
13.154 -36.566 63.061
16.561 -35.711 67.506
20.961 -33.157 70.002
24.82 -29.015 70.287
26.768 -23.901 68.809
25.966 -18.374 65.338
29.27 -13.056 65.895
34.146 -7.457 70.314
32.225 -4.327 76.448
34.597 -0.045 73.593
34.341 5.039 71.101
32.212 9.738 70.63
34.695 8.515 76.878
35.128 13.016 82.57
32.888 12.949 78.412
32.933 16.477 74.638
27.785 18.842 74.584
23.321 21.142 77.216
20.886 23.53 81.741
21.165 26.138 86.764
24.74 28.823 91.437
25.087 34.801 86.052
31.58 37.655 82.708
36.726 42.637 79.357
33.18 41.481 75.681
34.475 40.402 71.357
34.122 33.435 75.038
38.886 29.192 77.474
35.581 34.25 79.114
35.935 30.17 80.635
38.484 24.293 81.849
38.154 20.217 85.762
35.668 16.981 89.692
31.417 13.689 91.484
26.832 10.501 90.527
23.445 7.537 87.08
20.389 5.22 83.75
18.505 11.554 85.73
11.966 13.121 82.616
13.715 7.813 77.854
16.677 1.803 72.613
17.839 1.244 67.094
20.942 -0.84 62.836
26.256 -3.066 59.214
27.244 -9.478 60.799
25.518 -6.442 65.262
25.136 -5.555 70.849
26.788 -6.54 76.178
30.522 -9.627 80.998
35.397 -14.548 77.106
36.056 -11.434 72.222
41.621 -14.667 68.853
40.499 -11.559 62.274
41.9 -12.744 56.818
48.73 -12.709 54.89
50.1 -11.13 60.156
51.518 -12.322 65.513
53.388 -15.883 69.503
55.976 -20.665 71.108
59.314 -25.123 70.063
63.203 -27.821 66.947
67.265 -27.88 62.995
70.42 -27.422 57.772
77.225 -30.704 56.637
84.22 -34.167 57.946
86.703 -34.196 63.042
90.723 -35.967 66.623
95.725 -38.406 67.698
100.837 -40.229 66.07
105.156 -40.353 62.401
108.283 -39.403 56.244
102.761 -36.199 52.813
98.076 -32.27 55.332
92.709 -32.819 51.771
93.356 -38.1 49.814
93.679 -43.704 50.596
92.858 -48.362 53.719
90.435 -51.103 58.046
86.462 -51.567 62.06
82.293 -50.036 66.994
77.188 -49.092 63.209
80.463 -44.422 60.969
79.617 -38.615 64.581
77.413 -36.178 68.694
72.389 -35.44 72.393
68.052 -32.137 70.844
63.222 -31.284 69.148
58.028 -32.456 67.212
53.513 -35.857 66.781
50.406 -40.268 68.515
48.981 -44.151 72.389
48.981 -46.138 77.695
49.703 -45.46 83.278
51.504 -41.647 88.611
48.847 -38.143 87.686
44.846 -42.037 86.526
43.001 -41.45 79.613
46.555 -38.601 75.904
49.805 -35.38 73.785
54.259 -30.884 75.192
57.792 -30.395 77.59
61.984 -33.775 79.361
64.647 -38.774 79.485
65.642 -43.952 77.401
65.362 -47.793 73.243
64.607 -49.222 67.814
64.322 -47.917 62.303
64.037 -46.59 57.896
66.622 -49.101 56.51
59.637 -51.336 53.959
60.421 -51.396 48.345
63.019 -53.324 43.692
66.306 -57.072 40.157
70.356 -60.909 39.161
72.453 -66.16 39.533
71.851 -71.721 40.461
68.663 -76.377 40.958
64.473 -78.792 39.85
60.395 -73.595 33.972
57.137 -69.354 33.233
63.134 -66.959 32.264
59.569 -68.142 36.527
52.689 -67.565 35.225
44.691 -67.2 32.198
45.968 -70.448 31.727
45.052 -74.371 27.739
44.114 -79.723 26.129
42.622 -85.078 27.236
40.219 -89.005 30.539
36.832 -90.53 34.818
32.652 -89.324 38.257
33.767 -84.875 36.483
35.828 -79.927 32.808
38.104 -75.509 35.175
38.32 -72.975 38.589
41.386 -75.624 42.55
45.307 -79.401 44.127
49.669 -82.835 42.987
53.923 -84.561 39.665
57.549 -83.761 35.381
60.583 -81.098 32.233
55.779 -77.107 36.124
53.385 -70.714 38.457
58.0 -64.113 38.062
53.935 -63.433 30.501
54.619 -67.926 29.725
50.18 -65.226 36.75
55.638 -63.971 42.054
56.173 -66.055 47.299
59.306 -67.558 51.774
64.124 -67.443 54.755
69.176 -65.19 55.986
72.114 -61.829 56.353
74.519 -59.579 56.073
77.229 -55.296 53.535
77.451 -49.969 51.618
77.27 -45.116 50.235
74.63 -42.432 57.266
73.463 -45.498 59.203
72.86 -47.656 54.891
72.815 -49.285 60.986
67.098 -44.34 57.618
69.104 -39.633 55.176
72.793 -34.231 55.405
79.635 -35.976 58.358
85.564 -35.223 54.312
90.49 -29.296 55.83
94.563 -24.562 52.364
96.706 -18.392 50.136
99.389 -21.532 46.258
102.024 -22.129 41.275
104.662 -19.989 36.74
107.356 -15.785 34.057
110.146 -10.852 34.046
113.036 -6.749 36.681
115.998 -4.778 41.092
118.52 -5.589 44.477
113.825 -12.706 41.727
