10.5 -2.75 21.375
9.25 -0.43 23.5
6.375 0.742 22.5
4.125 1.016 24.5
1.203 0.508 24.875
-1.438 0.762 23.0
-3.516 -1.367 23.625
-3.156 -3.688 21.75
-5.312 -4.719 19.75
-5.75 -8.062 20.125
-5.312 -10.0 17.25
-5.031 -13.188 18.0
-4.5 -15.125 15.5
-3.75 -17.875 16.875
-2.625 -20.625 15.938
-3.562 -22.625 14.375
-6.125 -22.625 13.688
-6.406 -20.75 11.625
-9.25 -20.75 11.5
-10.25 -20.25 9.0
-11.188 -17.75 8.5
-13.375 -18.5 6.844
-14.25 -16.375 5.25
-16.125 -14.5 5.344
-16.375 -12.125 6.719
-14.688 -9.938 6.312
-14.0 -8.188 8.5
-11.875 -9.438 10.125
-9.125 -7.875 10.312
-6.375 -9.5 9.75
-3.516 -8.75 11.75
-0.516 -9.625 10.562
1.961 -9.875 12.875
5.062 -9.312 11.875
7.312 -10.75 13.688
9.625 -10.25 15.375
12.375 -9.062 15.688
13.5 -6.875 13.75
14.938 -4.594 15.0
13.875 -2.25 16.125
14.125 0.059 14.312
11.562 -0.254 12.438
9.625 0.195 14.5
10.562 2.906 15.25
9.875 4.188 12.625
6.906 3.453 12.562
6.219 4.719 15.25
6.844 7.562 14.312
4.719 7.438 12.375
2.359 6.625 14.0
1.391 3.688 12.875
1.836 1.156 15.0
0.02 1.211 17.625
0.703 0.273 20.625
2.453 -1.609 22.375
2.781 -4.969 22.625
0.711 -6.812 23.875
1.938 -9.5 25.625
0.309 -12.25 25.25
1.297 -15.0 27.0
4.125 -14.938 28.0
5.875 -14.125 25.5
5.875 -11.125 24.5
5.656 -10.562 21.375
6.281 -7.75 20.125
3.828 -6.281 18.875
2.891 -6.312 15.875
1.211 -3.844 15.062
-1.359 -4.906 13.688
-2.625 -2.969 11.5
-5.594 -3.734 10.938
-5.125 -4.688 8.75
-6.062 -5.469 6.719
-2.938 -5.688 6.219
-1.57 -6.0 3.375
-0.029 -8.625 2.641
3.25 -8.188 1.094
3.938 -10.312 -1.312
7.312 -9.938 -2.516
7.688 -10.0 -5.688
10.75 -10.5 -7.125
13.625 -10.5 -5.875
15.75 -8.875 -7.25
15.375 -6.5 -6.625
13.0 -7.031 -4.25
10.062 -4.969 -3.891
7.781 -6.0 -1.422
4.406 -4.719 -1.656
2.688 -4.531 1.523
-0.812 -4.0 1.391
-2.203 -2.891 4.25
-5.312 -2.016 4.625
-5.781 0.762 4.031
-7.875 2.094 5.562
-7.438 1.938 8.438
-4.75 3.188 8.75
-5.594 5.688 7.438
-8.062 6.312 9.188
-6.625 6.406 11.75
-4.656 8.438 11.125
-6.75 10.562 10.375
-8.188 10.5 13.125
-6.094 11.375 14.938
-6.062 14.062 13.875
-4.062 14.375 11.812
-5.812 15.375 9.75
-6.531 17.75 11.188
-4.562 18.0 13.75
-1.609 19.25 13.25
0.781 16.875 13.5
3.359 17.25 14.875
5.5 18.0 14.625
5.75 17.25 12.562
3.047 16.875 11.188
2.781 16.875 7.969
2.344 19.5 6.562
-0.516 20.125 5.312
-0.234 19.75 2.344
0.02 16.5 2.469
-2.734 15.938 3.719
-4.562 16.75 1.484
-3.594 14.938 -0.605
-4.312 12.25 0.859
-7.312 12.75 0.742
-7.5 12.875 -2.125
-6.594 10.125 -2.75
-8.625 8.5 -0.957
-11.188 9.25 -2.438
-10.562 8.062 -5.156
-9.75 5.156 -4.594
-12.0 3.188 -4.156
-11.188 0.977 -2.094
-12.438 -1.914 -2.172
-13.062 -2.969 0.801
-13.062 -6.219 1.188
-13.688 -6.625 4.344
-13.75 -9.438 5.375
-14.375 -9.688 8.375
-12.812 -8.5 10.688
-10.5 -6.562 10.562
-8.312 -6.281 8.125
-8.875 -4.188 5.656
-6.688 -4.25 3.312
-6.938 -1.859 0.957
-6.406 -3.094 -1.891
-6.062 -0.918 -4.438
-5.688 -2.5 -7.031
-4.219 -1.188 -9.125
-4.812 -3.438 -11.188
-3.281 -3.875 -13.188
-1.086 -2.469 -14.062
-0.645 -0.82 -16.0
-2.781 0.156 -17.375
-4.75 0.742 -15.25
-3.406 2.047 -13.062
-2.172 4.438 -14.125
-4.312 6.312 -13.875
-5.344 6.25 -11.188
-4.344 8.688 -9.625
-3.562 8.125 -6.812
-1.633 5.688 -6.406
0.906 7.25 -6.406
0.322 8.812 -4.031
0.01 6.719 -1.859
2.688 5.781 -2.125
4.125 8.375 -1.625
3.0 8.688 1.156
4.125 6.188 2.328
7.062 7.031 1.938
7.156 9.438 3.516
6.594 8.125 5.938
8.875 6.0 5.969
8.25 3.219 4.312
10.5 2.875 1.523
10.25 0.762 -1.312
7.219 -0.449 -2.516
7.531 -1.766 -5.781
4.844 -1.836 -7.875
2.844 -4.406 -8.062
1.883 -6.188 -10.688
-1.297 -6.312 -10.875
-3.0 -9.125 -10.625
-6.25 -8.875 -10.312
-7.969 -9.25 -7.812
-8.125 -7.562 -5.469
-5.688 -7.375 -3.531
-3.938 -4.625 -3.688
-0.734 -5.188 -3.5
1.648 -2.719 -2.672
4.812 -3.562 -3.5
7.25 -1.859 -1.578
10.688 -2.234 -2.516
12.812 -2.5 0.254
16.125 -1.914 -0.254
18.25 -4.0 0.488
18.25 -6.625 2.031
18.0 -6.0 5.0
15.25 -5.188 5.0
14.062 -7.688 4.062
14.75 -9.312 6.312
13.25 -7.844 8.375
10.688 -8.5 7.125
10.875 -11.312 7.344
11.188 -11.562 10.125
8.625 -10.375 11.0
6.719 -12.0 9.5
7.125 -14.438 11.0
5.312 -14.438 13.125
3.406 -16.125 11.875
4.375 -18.875 11.0
6.406 -21.0 11.625
9.125 -21.375 12.5
10.5 -22.375 10.062
11.125 -19.875 8.875
12.875 -18.625 10.875
15.062 -20.625 10.25
15.625 -19.375 7.656
16.5 -16.75 8.625
19.25 -17.25 9.875
20.625 -18.125 7.344
20.5 -15.75 5.562
22.5 -13.688 6.094
24.5 -13.688 3.5
22.625 -14.438 0.664
21.875 -12.25 -1.5
18.75 -11.75 -1.891
17.75 -13.375 -4.312
18.375 -15.938 -3.266
16.5 -15.875 -0.801
13.812 -15.625 -2.203
14.062 -18.25 -3.766
14.125 -20.125 -1.469
11.562 -19.25 -0.02
9.75 -19.875 -2.328
10.625 -22.75 -2.719
10.0 -23.875 -0.059
7.188 -23.125 0.41
5.562 -23.625 -1.938
4.5 -26.25 -1.5
3.219 -26.375 1.016
0.656 -25.125 0.801
-0.578 -23.25 1.68
0.195 -21.5 3.656
2.172 -19.5 3.688
3.656 -18.625 1.391
1.969 -17.25 -0.449
1.625 -14.625 0.977
3.891 -12.625 0.996
6.906 -13.125 1.055
7.812 -13.438 -1.969
9.062 -11.312 -3.578
11.25 -9.0 -3.031
13.625 -9.375 -5.25
15.5 -7.062 -5.312
16.5 -5.625 -7.812
18.75 -5.281 -7.031
